edad,nivel_fisico,objetivo_principal,tiene_lesion,ruta
35,ligero,Fuerza/Hipertrofia,0,Fuerza/Joven
36,moderado,Fuerza/Hipertrofia,0,Fuerza/Joven
57,ligero,Fuerza/Hipertrofia,0,Fuerza/Joven
65,ligero,Rehabilitación,1,Rehabilitación
55,ligero,Fuerza/Hipertrofia,0,Fuerza/Joven
71,ligero,Rehabilitación,1,Rehabilitación
50,intenso,Fuerza/Hipertrofia,0,Fuerza/Joven
55,sedentario,Rehabilitación,1,Rehabilitación
55,ligero,Rehabilitación,1,Rehabilitación
24,moderado,Salud/Movilidad,0,Híbrido
35,moderado,Resistencia/Deporte,0,Híbrido
25,intenso,Resistencia/Deporte,0,Híbrido
85,intenso,Salud/Movilidad,0,Híbrido
55,ligero,Fuerza/Hipertrofia,0,Fuerza/Joven
31,moderado,Resistencia/Deporte,0,Híbrido
33,ligero,Salud/Movilidad,0,Híbrido
53,sedentario,Rehabilitación,1,Rehabilitación
69,sedentario,Rehabilitación,1,Rehabilitación
22,moderado,Salud/Movilidad,0,Híbrido
74,ligero,Salud/Movilidad,1,Adulto Mayor
56,sedentario,Fuerza/Hipertrofia,0,Fuerza/Joven
84,sedentario,Salud/Movilidad,0,Adulto Mayor
23,sedentario,Resistencia/Deporte,0,Híbrido
56,moderado,Resistencia/Deporte,0,Híbrido
80,sedentario,Salud/Movilidad,0,Adulto Mayor
25,sedentario,Fuerza/Hipertrofia,0,Fuerza/Joven
36,sedentario,Fuerza/Hipertrofia,0,Fuerza/Joven
22,ligero,Resistencia/Deporte,0,Híbrido
56,sedentario,Rehabilitación,1,Rehabilitación
53,ligero,Fuerza/Hipertrofia,0,Fuerza/Joven
57,ligero,Fuerza/Hipertrofia,0,Fuerza/Joven
63,sedentario,Salud/Movilidad,1,Rehabilitación
19,intenso,Resistencia/Deporte,0,Híbrido
49,intenso,Salud/Movilidad,0,Híbrido
81,sedentario,Salud/Movilidad,0,Adulto Mayor
82,sedentario,Salud/Movilidad,0,Adulto Mayor
78,sedentario,Salud/Movilidad,1,Adulto Mayor
65,ligero,Salud/Movilidad,0,Híbrido
29,ligero,Fuerza/Hipertrofia,0,Fuerza/Joven
60,sedentario,Salud/Movilidad,0,Híbrido
50,moderado,Fuerza/Hipertrofia,0,Fuerza/Joven
57,ligero,Rehabilitación,1,Rehabilitación
42,moderado,Resistencia/Deporte,0,Híbrido
57,sedentario,Fuerza/Hipertrofia,0,Fuerza/Joven
32,sedentario,Salud/Movilidad,0,Híbrido
44,sedentario,Resistencia/Deporte,0,Híbrido
58,moderado,Resistencia/Deporte,0,Híbrido
27,ligero,Salud/Movilidad,0,Híbrido
49,ligero,Resistencia/Deporte,0,Híbrido
74,ligero,Resistencia/Deporte,0,Híbrido
40,intenso,Fuerza/Hipertrofia,0,Fuerza/Joven
28,sedentario,Fuerza/Hipertrofia,0,Fuerza/Joven
20,ligero,Fuerza/Hipertrofia,0,Fuerza/Joven
28,moderado,Fuerza/Hipertrofia,0,Fuerza/Joven
65,ligero,Fuerza/Hipertrofia,0,Híbrido
30,ligero,Salud/Movilidad,1,Rehabilitación
78,sedentario,Salud/Movilidad,0,Adulto Mayor
68,sedentario,Salud/Movilidad,0,Adulto Mayor
24,sedentario,Fuerza/Hipertrofia,0,Fuerza/Joven
59,moderado,Fuerza/Hipertrofia,0,Fuerza/Joven
48,moderado,Resistencia/Deporte,0,Híbrido
20,sedentario,Rehabilitación,0,Híbrido
25,intenso,Resistencia/Deporte,0,Híbrido
45,intenso,Resistencia/Deporte,0,Híbrido
80,sedentario,Rehabilitación,1,Rehabilitación
61,ligero,Salud/Movilidad,1,Híbrido
37,moderado,Rehabilitación,1,Rehabilitación
20,sedentario,Salud/Movilidad,0,Híbrido
49,sedentario,Fuerza/Hipertrofia,0,Fuerza/Joven
49,moderado,Resistencia/Deporte,0,Híbrido
80,ligero,Rehabilitación,1,Rehabilitación
51,sedentario,Rehabilitación,1,Rehabilitación
68,moderado,Rehabilitación,0,Híbrido
44,ligero,Rehabilitación,0,Híbrido
82,sedentario,Rehabilitación,1,Rehabilitación
75,sedentario,Salud/Movilidad,0,Adulto Mayor
26,sedentario,Rehabilitación,0,Híbrido
24,moderado,Fuerza/Hipertrofia,0,Fuerza/Joven
29,intenso,Fuerza/Hipertrofia,0,Fuerza/Joven
54,ligero,Resistencia/Deporte,0,Híbrido
49,sedentario,Salud/Movilidad,0,Híbrido
65,sedentario,Salud/Movilidad,0,Adulto Mayor
81,moderado,Salud/Movilidad,1,Adulto Mayor
23,sedentario,Fuerza/Hipertrofia,0,Fuerza/Joven
62,intenso,Salud/Movilidad,0,Híbrido
42,ligero,Fuerza/Hipertrofia,0,Fuerza/Joven
57,sedentario,Salud/Movilidad,0,Híbrido
81,ligero,Resistencia/Deporte,1,Adulto Mayor
34,moderado,Fuerza/Hipertrofia,0,Fuerza/Joven
66,sedentario,Rehabilitación,1,Rehabilitación
52,sedentario,Rehabilitación,1,Rehabilitación
30,moderado,Fuerza/Hipertrofia,0,Fuerza/Joven
28,sedentario,Salud/Movilidad,1,Rehabilitación
42,moderado,Salud/Movilidad,0,Híbrido
45,ligero,Salud/Movilidad,0,Híbrido
59,ligero,Resistencia/Deporte,0,Híbrido
28,moderado,Fuerza/Hipertrofia,0,Fuerza/Joven
69,moderado,Salud/Movilidad,0,Híbrido
75,sedentario,Rehabilitación,1,Rehabilitación
85,sedentario,Salud/Movilidad,1,Adulto Mayor
48,moderado,Rehabilitación,1,Rehabilitación
36,sedentario,Fuerza/Hipertrofia,0,Fuerza/Joven
75,sedentario,Resistencia/Deporte,1,Adulto Mayor
45,intenso,Resistencia/Deporte,0,Híbrido
62,intenso,Fuerza/Hipertrofia,0,Fuerza/Joven
54,intenso,Fuerza/Hipertrofia,0,Fuerza/Joven
82,ligero,Rehabilitación,1,Rehabilitación
27,moderado,Resistencia/Deporte,0,Híbrido
19,ligero,Fuerza/Hipertrofia,0,Fuerza/Joven
71,sedentario,Salud/Movilidad,1,Adulto Mayor
33,moderado,Salud/Movilidad,0,Híbrido
41,intenso,Resistencia/Deporte,0,Híbrido
83,sedentario,Salud/Movilidad,0,Adulto Mayor
84,sedentario,Rehabilitación,1,Rehabilitación
59,sedentario,Fuerza/Hipertrofia,0,Fuerza/Joven
31,ligero,Fuerza/Hipertrofia,0,Fuerza/Joven
63,moderado,Salud/Movilidad,0,Híbrido
85,ligero,Salud/Movilidad,0,Híbrido
50,ligero,Resistencia/Deporte,0,Híbrido
68,intenso,Salud/Movilidad,1,Adulto Mayor
28,ligero,Salud/Movilidad,0,Híbrido
18,moderado,Fuerza/Hipertrofia,0,Fuerza/Joven
29,ligero,Fuerza/Hipertrofia,0,Fuerza/Joven
38,ligero,Fuerza/Hipertrofia,0,Fuerza/Joven
80,sedentario,Rehabilitación,1,Rehabilitación
52,sedentario,Salud/Movilidad,0,Híbrido
79,intenso,Salud/Movilidad,0,Híbrido
71,ligero,Salud/Movilidad,1,Adulto Mayor
52,intenso,Salud/Movilidad,0,Híbrido
66,sedentario,Salud/Movilidad,0,Adulto Mayor
34,intenso,Salud/Movilidad,0,Híbrido
47,intenso,Fuerza/Hipertrofia,0,Fuerza/Joven
65,sedentario,Salud/Movilidad,0,Adulto Mayor
30,intenso,Salud/Movilidad,0,Híbrido
21,sedentario,Fuerza/Hipertrofia,0,Fuerza/Joven
44,moderado,Fuerza/Hipertrofia,0,Fuerza/Joven
56,ligero,Fuerza/Hipertrofia,0,Fuerza/Joven
81,moderado,Rehabilitación,1,Rehabilitación
54,sedentario,Resistencia/Deporte,0,Híbrido
25,moderado,Salud/Movilidad,0,Híbrido
80,sedentario,Salud/Movilidad,0,Adulto Mayor
74,moderado,Salud/Movilidad,0,Híbrido
20,sedentario,Rehabilitación,1,Rehabilitación
23,sedentario,Fuerza/Hipertrofia,0,Fuerza/Joven
32,ligero,Fuerza/Hipertrofia,0,Fuerza/Joven
31,moderado,Salud/Movilidad,1,Híbrido
22,moderado,Fuerza/Hipertrofia,0,Fuerza/Joven
33,sedentario,Resistencia/Deporte,0,Híbrido
75,sedentario,Rehabilitación,1,Rehabilitación
62,ligero,Salud/Movilidad,1,Rehabilitación
58,ligero,Salud/Movilidad,1,Híbrido
24,intenso,Resistencia/Deporte,0,Híbrido
49,ligero,Salud/Movilidad,0,Híbrido
38,moderado,Fuerza/Hipertrofia,0,Fuerza/Joven
62,intenso,Salud/Movilidad,1,Rehabilitación
68,sedentario,Rehabilitación,1,Rehabilitación
35,sedentario,Salud/Movilidad,0,Híbrido
59,sedentario,Fuerza/Hipertrofia,0,Fuerza/Joven
78,sedentario,Salud/Movilidad,0,Adulto Mayor
45,moderado,Fuerza/Hipertrofia,0,Fuerza/Joven
53,moderado,Resistencia/Deporte,0,Híbrido
33,sedentario,Fuerza/Hipertrofia,0,Fuerza/Joven
38,ligero,Salud/Movilidad,0,Híbrido
67,sedentario,Salud/Movilidad,0,Adulto Mayor
35,sedentario,Fuerza/Hipertrofia,0,Fuerza/Joven
36,sedentario,Fuerza/Hipertrofia,0,Fuerza/Joven
53,sedentario,Fuerza/Hipertrofia,0,Fuerza/Joven
19,ligero,Fuerza/Hipertrofia,0,Fuerza/Joven
22,ligero,Fuerza/Hipertrofia,0,Fuerza/Joven
85,intenso,Rehabilitación,1,Rehabilitación
71,sedentario,Rehabilitación,1,Rehabilitación
78,sedentario,Resistencia/Deporte,0,Adulto Mayor
33,ligero,Resistencia/Deporte,0,Híbrido
52,sedentario,Salud/Movilidad,1,Híbrido
83,ligero,Rehabilitación,1,Rehabilitación
53,intenso,Fuerza/Hipertrofia,0,Fuerza/Joven
57,moderado,Rehabilitación,1,Rehabilitación
58,sedentario,Fuerza/Hipertrofia,0,Fuerza/Joven
26,ligero,Resistencia/Deporte,0,Híbrido
20,sedentario,Resistencia/Deporte,0,Híbrido
19,moderado,Fuerza/Hipertrofia,0,Fuerza/Joven
64,sedentario,Salud/Movilidad,0,Híbrido
47,ligero,Fuerza/Hipertrofia,0,Fuerza/Joven
70,sedentario,Salud/Movilidad,0,Adulto Mayor
67,sedentario,Salud/Movilidad,1,Adulto Mayor
72,sedentario,Fuerza/Hipertrofia,0,Adulto Mayor
56,ligero,Fuerza/Hipertrofia,0,Fuerza/Joven
30,moderado,Fuerza/Hipertrofia,0,Fuerza/Joven
60,moderado,Salud/Movilidad,1,Híbrido
35,sedentario,Fuerza/Hipertrofia,0,Fuerza/Joven
48,sedentario,Resistencia/Deporte,0,Híbrido
62,moderado,Salud/Movilidad,0,Híbrido
47,sedentario,Salud/Movilidad,0,Híbrido
82,sedentario,Rehabilitación,1,Rehabilitación
65,sedentario,Salud/Movilidad,0,Adulto Mayor
29,ligero,Resistencia/Deporte,0,Híbrido
44,ligero,Resistencia/Deporte,0,Híbrido
49,moderado,Fuerza/Hipertrofia,0,Fuerza/Joven
37,ligero,Fuerza/Hipertrofia,0,Fuerza/Joven
69,ligero,Salud/Movilidad,0,Híbrido
84,sedentario,Salud/Movilidad,0,Adulto Mayor
64,ligero,Salud/Movilidad,0,Híbrido
44,intenso,Salud/Movilidad,0,Híbrido
74,intenso,Rehabilitación,1,Rehabilitación
19,sedentario,Salud/Movilidad,0,Híbrido
65,ligero,Salud/Movilidad,0,Híbrido
85,sedentario,Fuerza/Hipertrofia,1,Adulto Mayor
39,ligero,Fuerza/Hipertrofia,0,Fuerza/Joven
23,sedentario,Fuerza/Hipertrofia,0,Fuerza/Joven
78,sedentario,Fuerza/Hipertrofia,0,Adulto Mayor
43,sedentario,Resistencia/Deporte,1,Rehabilitación
43,sedentario,Fuerza/Hipertrofia,0,Fuerza/Joven
73,sedentario,Salud/Movilidad,0,Adulto Mayor
39,sedentario,Fuerza/Hipertrofia,0,Fuerza/Joven
41,intenso,Rehabilitación,0,Híbrido
25,ligero,Fuerza/Hipertrofia,0,Fuerza/Joven
44,ligero,Fuerza/Hipertrofia,0,Fuerza/Joven
34,moderado,Fuerza/Hipertrofia,0,Fuerza/Joven
23,moderado,Fuerza/Hipertrofia,0,Fuerza/Joven
80,sedentario,Rehabilitación,1,Rehabilitación
21,sedentario,Salud/Movilidad,0,Híbrido
75,ligero,Resistencia/Deporte,1,Adulto Mayor
47,ligero,Salud/Movilidad,0,Híbrido
59,sedentario,Fuerza/Hipertrofia,0,Fuerza/Joven
18,ligero,Fuerza/Hipertrofia,0,Fuerza/Joven
52,ligero,Fuerza/Hipertrofia,0,Fuerza/Joven
44,ligero,Resistencia/Deporte,0,Híbrido
73,sedentario,Rehabilitación,1,Rehabilitación
29,sedentario,Resistencia/Deporte,0,Híbrido
31,sedentario,Resistencia/Deporte,0,Híbrido
34,moderado,Fuerza/Hipertrofia,0,Fuerza/Joven
37,sedentario,Fuerza/Hipertrofia,0,Fuerza/Joven
47,moderado,Rehabilitación,0,Híbrido
85,sedentario,Salud/Movilidad,0,Adulto Mayor
41,sedentario,Salud/Movilidad,0,Híbrido
26,ligero,Resistencia/Deporte,0,Híbrido
23,ligero,Salud/Movilidad,0,Híbrido
55,intenso,Rehabilitación,1,Rehabilitación
79,sedentario,Salud/Movilidad,1,Adulto Mayor
60,sedentario,Salud/Movilidad,0,Híbrido
64,moderado,Rehabilitación,1,Rehabilitación
23,intenso,Fuerza/Hipertrofia,0,Fuerza/Joven
83,intenso,Salud/Movilidad,1,Adulto Mayor
82,ligero,Salud/Movilidad,1,Adulto Mayor
79,intenso,Fuerza/Hipertrofia,0,Híbrido
71,ligero,Rehabilitación,0,Híbrido
46,sedentario,Fuerza/Hipertrofia,0,Fuerza/Joven
81,sedentario,Salud/Movilidad,1,Adulto Mayor
37,moderado,Fuerza/Hipertrofia,0,Fuerza/Joven
77,sedentario,Salud/Movilidad,0,Adulto Mayor
74,moderado,Salud/Movilidad,1,Adulto Mayor
68,sedentario,Salud/Movilidad,0,Adulto Mayor
37,moderado,Fuerza/Hipertrofia,0,Fuerza/Joven
36,sedentario,Resistencia/Deporte,0,Híbrido
44,ligero,Resistencia/Deporte,0,Híbrido
33,intenso,Fuerza/Hipertrofia,0,Fuerza/Joven
78,sedentario,Salud/Movilidad,0,Adulto Mayor
58,sedentario,Salud/Movilidad,1,Híbrido
42,moderado,Fuerza/Hipertrofia,0,Fuerza/Joven
54,ligero,Rehabilitación,1,Rehabilitación
52,moderado,Salud/Movilidad,1,Rehabilitación
35,moderado,Resistencia/Deporte,0,Híbrido
56,ligero,Rehabilitación,1,Rehabilitación
66,sedentario,Rehabilitación,1,Rehabilitación
18,sedentario,Fuerza/Hipertrofia,0,Fuerza/Joven
65,intenso,Salud/Movilidad,0,Híbrido
72,intenso,Fuerza/Hipertrofia,1,Adulto Mayor
78,sedentario,Rehabilitación,1,Rehabilitación
76,ligero,Salud/Movilidad,0,Híbrido
60,ligero,Fuerza/Hipertrofia,0,Fuerza/Joven
22,moderado,Resistencia/Deporte,0,Híbrido
56,sedentario,Resistencia/Deporte,0,Híbrido
77,sedentario,Salud/Movilidad,0,Adulto Mayor
80,intenso,Rehabilitación,1,Rehabilitación
43,sedentario,Salud/Movilidad,0,Híbrido
19,sedentario,Rehabilitación,0,Híbrido
75,sedentario,Salud/Movilidad,0,Adulto Mayor
43,moderado,Fuerza/Hipertrofia,0,Fuerza/Joven
81,sedentario,Rehabilitación,1,Rehabilitación
42,moderado,Fuerza/Hipertrofia,0,Fuerza/Joven
84,intenso,Rehabilitación,1,Rehabilitación
83,sedentario,Salud/Movilidad,0,Adulto Mayor
20,ligero,Fuerza/Hipertrofia,0,Fuerza/Joven
26,ligero,Resistencia/Deporte,0,Híbrido
61,intenso,Rehabilitación,1,Rehabilitación
45,ligero,Rehabilitación,1,Rehabilitación
21,sedentario,Fuerza/Hipertrofia,0,Fuerza/Joven
18,ligero,Resistencia/Deporte,0,Híbrido
66,sedentario,Salud/Movilidad,0,Adulto Mayor
70,sedentario,Salud/Movilidad,0,Adulto Mayor
42,ligero,Salud/Movilidad,1,Rehabilitación
52,intenso,Fuerza/Hipertrofia,0,Fuerza/Joven
62,moderado,Salud/Movilidad,0,Híbrido
57,intenso,Fuerza/Hipertrofia,0,Fuerza/Joven
69,moderado,Salud/Movilidad,1,Adulto Mayor
22,intenso,Resistencia/Deporte,0,Híbrido
77,sedentario,Resistencia/Deporte,1,Adulto Mayor
44,moderado,Salud/Movilidad,0,Híbrido
65,ligero,Rehabilitación,1,Rehabilitación
30,sedentario,Salud/Movilidad,0,Híbrido
53,intenso,Fuerza/Hipertrofia,0,Fuerza/Joven
50,moderado,Fuerza/Hipertrofia,0,Fuerza/Joven
63,sedentario,Salud/Movilidad,0,Híbrido
42,sedentario,Salud/Movilidad,0,Híbrido
28,sedentario,Fuerza/Hipertrofia,0,Fuerza/Joven
39,sedentario,Fuerza/Hipertrofia,0,Fuerza/Joven
51,sedentario,Resistencia/Deporte,0,Híbrido
70,sedentario,Rehabilitación,1,Rehabilitación
37,moderado,Rehabilitación,1,Rehabilitación
84,sedentario,Rehabilitación,1,Rehabilitación
23,sedentario,Salud/Movilidad,0,Híbrido
22,sedentario,Resistencia/Deporte,0,Híbrido
73,ligero,Rehabilitación,1,Rehabilitación
63,moderado,Salud/Movilidad,0,Híbrido
52,moderado,Salud/Movilidad,0,Híbrido
42,ligero,Fuerza/Hipertrofia,0,Fuerza/Joven
44,ligero,Fuerza/Hipertrofia,0,Fuerza/Joven
61,ligero,Salud/Movilidad,0,Híbrido
69,sedentario,Salud/Movilidad,0,Adulto Mayor
69,sedentario,Salud/Movilidad,0,Adulto Mayor
63,moderado,Rehabilitación,1,Rehabilitación
55,sedentario,Rehabilitación,1,Rehabilitación
79,sedentario,Rehabilitación,1,Rehabilitación
68,sedentario,Salud/Movilidad,0,Adulto Mayor
57,ligero,Rehabilitación,0,Híbrido
77,intenso,Rehabilitación,0,Híbrido
48,intenso,Resistencia/Deporte,0,Híbrido
23,moderado,Salud/Movilidad,0,Híbrido
46,intenso,Fuerza/Hipertrofia,0,Fuerza/Joven
83,sedentario,Rehabilitación,1,Rehabilitación
18,moderado,Salud/Movilidad,0,Híbrido
50,sedentario,Fuerza/Hipertrofia,0,Fuerza/Joven
30,sedentario,Fuerza/Hipertrofia,0,Fuerza/Joven
25,sedentario,Salud/Movilidad,0,Híbrido
24,moderado,Salud/Movilidad,0,Híbrido
84,moderado,Salud/Movilidad,1,Adulto Mayor
20,moderado,Fuerza/Hipertrofia,0,Fuerza/Joven
30,sedentario,Resistencia/Deporte,0,Híbrido
62,moderado,Salud/Movilidad,1,Rehabilitación
33,moderado,Salud/Movilidad,0,Híbrido
59,ligero,Salud/Movilidad,0,Híbrido
75,sedentario,Salud/Movilidad,0,Adulto Mayor
48,ligero,Resistencia/Deporte,0,Híbrido
77,ligero,Salud/Movilidad,0,Híbrido
54,ligero,Fuerza/Hipertrofia,0,Fuerza/Joven
40,ligero,Fuerza/Hipertrofia,0,Fuerza/Joven
64,moderado,Rehabilitación,0,Híbrido
63,sedentario,Resistencia/Deporte,0,Híbrido
50,sedentario,Fuerza/Hipertrofia,0,Fuerza/Joven
81,ligero,Salud/Movilidad,0,Híbrido
80,sedentario,Salud/Movilidad,0,Adulto Mayor
67,sedentario,Salud/Movilidad,0,Adulto Mayor
59,ligero,Fuerza/Hipertrofia,0,Fuerza/Joven
30,sedentario,Fuerza/Hipertrofia,0,Fuerza/Joven
47,moderado,Salud/Movilidad,0,Híbrido
61,intenso,Fuerza/Hipertrofia,1,Híbrido
33,moderado,Rehabilitación,0,Híbrido
28,sedentario,Resistencia/Deporte,0,Híbrido
55,sedentario,Rehabilitación,1,Rehabilitación
49,moderado,Fuerza/Hipertrofia,0,Fuerza/Joven
38,sedentario,Resistencia/Deporte,0,Híbrido
77,sedentario,Rehabilitación,1,Rehabilitación
72,sedentario,Rehabilitación,1,Rehabilitación
49,sedentario,Resistencia/Deporte,0,Híbrido
36,ligero,Fuerza/Hipertrofia,0,Fuerza/Joven
41,ligero,Fuerza/Hipertrofia,0,Fuerza/Joven
20,sedentario,Fuerza/Hipertrofia,1,Rehabilitación
46,ligero,Fuerza/Hipertrofia,0,Fuerza/Joven
49,moderado,Resistencia/Deporte,0,Híbrido
37,ligero,Fuerza/Hipertrofia,0,Fuerza/Joven
73,ligero,Salud/Movilidad,0,Híbrido
40,ligero,Fuerza/Hipertrofia,0,Fuerza/Joven
51,sedentario,Salud/Movilidad,1,Híbrido
37,sedentario,Fuerza/Hipertrofia,0,Fuerza/Joven
47,sedentario,Fuerza/Hipertrofia,0,Fuerza/Joven
68,sedentario,Fuerza/Hipertrofia,0,Adulto Mayor
53,moderado,Fuerza/Hipertrofia,0,Fuerza/Joven
83,ligero,Fuerza/Hipertrofia,0,Híbrido
58,ligero,Salud/Movilidad,0,Híbrido
53,moderado,Fuerza/Hipertrofia,0,Fuerza/Joven
45,moderado,Salud/Movilidad,0,Híbrido
81,ligero,Rehabilitación,1,Rehabilitación
57,ligero,Rehabilitación,0,Híbrido
19,sedentario,Resistencia/Deporte,0,Híbrido
23,ligero,Salud/Movilidad,0,Híbrido
30,intenso,Resistencia/Deporte,0,Híbrido
47,ligero,Salud/Movilidad,0,Híbrido
84,moderado,Salud/Movilidad,0,Híbrido
63,ligero,Fuerza/Hipertrofia,0,Fuerza/Joven
19,sedentario,Resistencia/Deporte,0,Híbrido
20,sedentario,Fuerza/Hipertrofia,0,Fuerza/Joven
82,ligero,Rehabilitación,1,Rehabilitación
51,moderado,Fuerza/Hipertrofia,0,Fuerza/Joven
34,moderado,Resistencia/Deporte,0,Híbrido
77,sedentario,Rehabilitación,1,Rehabilitación
83,sedentario,Salud/Movilidad,0,Adulto Mayor
84,sedentario,Salud/Movilidad,0,Adulto Mayor
51,ligero,Fuerza/Hipertrofia,0,Fuerza/Joven
61,sedentario,Salud/Movilidad,0,Híbrido
79,moderado,Salud/Movilidad,1,Adulto Mayor
53,ligero,Fuerza/Hipertrofia,0,Fuerza/Joven
18,moderado,Resistencia/Deporte,0,Híbrido
34,moderado,Fuerza/Hipertrofia,0,Fuerza/Joven
22,moderado,Salud/Movilidad,0,Híbrido
47,moderado,Fuerza/Hipertrofia,0,Fuerza/Joven
43,ligero,Resistencia/Deporte,0,Híbrido
33,sedentario,Resistencia/Deporte,0,Híbrido
80,sedentario,Rehabilitación,1,Rehabilitación
31,ligero,Salud/Movilidad,0,Híbrido
58,moderado,Resistencia/Deporte,0,Híbrido
28,sedentario,Fuerza/Hipertrofia,0,Fuerza/Joven
74,sedentario,Rehabilitación,0,Adulto Mayor
38,ligero,Fuerza/Hipertrofia,0,Fuerza/Joven
77,sedentario,Salud/Movilidad,0,Adulto Mayor
54,sedentario,Rehabilitación,0,Híbrido
26,sedentario,Resistencia/Deporte,0,Híbrido
76,sedentario,Salud/Movilidad,0,Adulto Mayor
21,moderado,Fuerza/Hipertrofia,0,Fuerza/Joven
76,moderado,Resistencia/Deporte,0,Híbrido
22,ligero,Fuerza/Hipertrofia,0,Fuerza/Joven
79,sedentario,Salud/Movilidad,0,Adulto Mayor
52,sedentario,Resistencia/Deporte,0,Híbrido
76,sedentario,Salud/Movilidad,1,Adulto Mayor
72,sedentario,Salud/Movilidad,0,Adulto Mayor
35,moderado,Fuerza/Hipertrofia,0,Fuerza/Joven
33,ligero,Fuerza/Hipertrofia,0,Fuerza/Joven
34,ligero,Fuerza/Hipertrofia,0,Fuerza/Joven
42,sedentario,Rehabilitación,1,Rehabilitación
71,sedentario,Salud/Movilidad,0,Adulto Mayor
23,moderado,Salud/Movilidad,0,Híbrido
33,intenso,Rehabilitación,0,Híbrido
30,ligero,Resistencia/Deporte,0,Híbrido
75,ligero,Salud/Movilidad,0,Híbrido
41,sedentario,Fuerza/Hipertrofia,0,Fuerza/Joven
50,sedentario,Salud/Movilidad,0,Híbrido
39,moderado,Resistencia/Deporte,0,Híbrido
44,sedentario,Resistencia/Deporte,0,Híbrido
36,moderado,Fuerza/Hipertrofia,0,Fuerza/Joven
52,ligero,Rehabilitación,1,Rehabilitación
75,intenso,Rehabilitación,1,Rehabilitación
70,ligero,Salud/Movilidad,0,Híbrido
78,ligero,Salud/Movilidad,0,Híbrido
20,moderado,Resistencia/Deporte,0,Híbrido
68,intenso,Rehabilitación,1,Rehabilitación
41,ligero,Resistencia/Deporte,0,Híbrido
31,sedentario,Fuerza/Hipertrofia,0,Fuerza/Joven
39,moderado,Fuerza/Hipertrofia,0,Fuerza/Joven
35,ligero,Resistencia/Deporte,0,Híbrido
52,moderado,Fuerza/Hipertrofia,0,Fuerza/Joven
37,moderado,Salud/Movilidad,0,Híbrido
63,ligero,Salud/Movilidad,0,Híbrido
63,sedentario,Salud/Movilidad,0,Híbrido
25,intenso,Resistencia/Deporte,0,Híbrido
56,sedentario,Fuerza/Hipertrofia,0,Fuerza/Joven
70,sedentario,Salud/Movilidad,1,Adulto Mayor
77,ligero,Salud/Movilidad,0,Híbrido
19,sedentario,Salud/Movilidad,0,Híbrido
74,intenso,Rehabilitación,0,Híbrido
75,intenso,Salud/Movilidad,0,Híbrido
57,moderado,Resistencia/Deporte,0,Híbrido
72,intenso,Salud/Movilidad,0,Híbrido
57,sedentario,Resistencia/Deporte,0,Híbrido
58,sedentario,Rehabilitación,1,Rehabilitación
48,sedentario,Salud/Movilidad,1,Rehabilitación
39,moderado,Rehabilitación,1,Rehabilitación
57,sedentario,Salud/Movilidad,0,Híbrido
60,moderado,Rehabilitación,1,Rehabilitación
19,sedentario,Fuerza/Hipertrofia,0,Fuerza/Joven
75,intenso,Rehabilitación,0,Híbrido
77,sedentario,Salud/Movilidad,1,Adulto Mayor
74,sedentario,Salud/Movilidad,0,Adulto Mayor
61,intenso,Rehabilitación,0,Híbrido
35,moderado,Resistencia/Deporte,0,Híbrido
25,ligero,Fuerza/Hipertrofia,0,Fuerza/Joven
21,ligero,Fuerza/Hipertrofia,0,Fuerza/Joven
59,ligero,Resistencia/Deporte,0,Híbrido
46,intenso,Rehabilitación,1,Rehabilitación
55,ligero,Fuerza/Hipertrofia,0,Fuerza/Joven
75,moderado,Salud/Movilidad,0,Híbrido
35,moderado,Resistencia/Deporte,0,Híbrido
76,sedentario,Salud/Movilidad,0,Adulto Mayor
81,ligero,Rehabilitación,1,Rehabilitación
85,intenso,Salud/Movilidad,0,Híbrido
77,sedentario,Rehabilitación,1,Rehabilitación
41,sedentario,Resistencia/Deporte,0,Híbrido
67,ligero,Salud/Movilidad,0,Híbrido
55,sedentario,Fuerza/Hipertrofia,0,Fuerza/Joven
48,sedentario,Salud/Movilidad,0,Híbrido
23,moderado,Resistencia/Deporte,0,Híbrido
25,ligero,Fuerza/Hipertrofia,0,Fuerza/Joven
39,ligero,Fuerza/Hipertrofia,0,Fuerza/Joven
33,intenso,Resistencia/Deporte,0,Híbrido
45,sedentario,Rehabilitación,0,Híbrido
47,moderado,Resistencia/Deporte,0,Híbrido
38,ligero,Fuerza/Hipertrofia,0,Fuerza/Joven
22,ligero,Fuerza/Hipertrofia,0,Fuerza/Joven
80,sedentario,Salud/Movilidad,1,Adulto Mayor
80,sedentario,Salud/Movilidad,0,Adulto Mayor
19,intenso,Salud/Movilidad,0,Híbrido
77,sedentario,Salud/Movilidad,0,Adulto Mayor
76,intenso,Salud/Movilidad,0,Híbrido
30,sedentario,Fuerza/Hipertrofia,0,Fuerza/Joven
47,ligero,Rehabilitación,1,Rehabilitación
67,moderado,Salud/Movilidad,0,Híbrido
69,sedentario,Resistencia/Deporte,1,Adulto Mayor
74,sedentario,Salud/Movilidad,0,Adulto Mayor
45,moderado,Resistencia/Deporte,0,Híbrido
20,sedentario,Resistencia/Deporte,0,Híbrido
43,intenso,Salud/Movilidad,0,Híbrido
42,ligero,Resistencia/Deporte,0,Híbrido
75,sedentario,Salud/Movilidad,0,Adulto Mayor
67,sedentario,Salud/Movilidad,0,Adulto Mayor
39,moderado,Resistencia/Deporte,0,Híbrido
48,moderado,Fuerza/Hipertrofia,0,Fuerza/Joven
28,intenso,Resistencia/Deporte,0,Híbrido
57,ligero,Resistencia/Deporte,0,Híbrido
26,sedentario,Fuerza/Hipertrofia,0,Fuerza/Joven
42,ligero,Fuerza/Hipertrofia,0,Fuerza/Joven
25,ligero,Resistencia/Deporte,0,Híbrido
82,sedentario,Rehabilitación,1,Rehabilitación
82,sedentario,Fuerza/Hipertrofia,1,Adulto Mayor
70,sedentario,Fuerza/Hipertrofia,0,Adulto Mayor
22,ligero,Resistencia/Deporte,0,Híbrido
76,sedentario,Rehabilitación,1,Rehabilitación
56,ligero,Rehabilitación,1,Rehabilitación
48,moderado,Rehabilitación,1,Rehabilitación
22,moderado,Fuerza/Hipertrofia,0,Fuerza/Joven
74,sedentario,Fuerza/Hipertrofia,0,Adulto Mayor
18,moderado,Fuerza/Hipertrofia,0,Fuerza/Joven
53,ligero,Rehabilitación,1,Rehabilitación
60,intenso,Fuerza/Hipertrofia,0,Fuerza/Joven
42,ligero,Resistencia/Deporte,0,Híbrido
44,ligero,Fuerza/Hipertrofia,0,Fuerza/Joven
36,moderado,Fuerza/Hipertrofia,0,Fuerza/Joven
69,moderado,Salud/Movilidad,0,Híbrido
23,sedentario,Fuerza/Hipertrofia,0,Fuerza/Joven
41,moderado,Fuerza/Hipertrofia,0,Fuerza/Joven
57,sedentario,Rehabilitación,0,Híbrido
44,sedentario,Resistencia/Deporte,1,Rehabilitación
25,ligero,Fuerza/Hipertrofia,0,Fuerza/Joven
34,moderado,Fuerza/Hipertrofia,0,Fuerza/Joven
68,sedentario,Rehabilitación,1,Rehabilitación
22,moderado,Fuerza/Hipertrofia,0,Fuerza/Joven
82,moderado,Salud/Movilidad,0,Híbrido
67,sedentario,Fuerza/Hipertrofia,1,Adulto Mayor
81,sedentario,Salud/Movilidad,0,Adulto Mayor
79,sedentario,Salud/Movilidad,0,Adulto Mayor
33,moderado,Fuerza/Hipertrofia,0,Fuerza/Joven
78,moderado,Salud/Movilidad,1,Adulto Mayor
54,sedentario,Rehabilitación,1,Rehabilitación
36,ligero,Fuerza/Hipertrofia,0,Fuerza/Joven
49,ligero,Fuerza/Hipertrofia,0,Fuerza/Joven
21,sedentario,Fuerza/Hipertrofia,0,Fuerza/Joven
28,intenso,Salud/Movilidad,0,Híbrido
71,moderado,Rehabilitación,1,Rehabilitación
82,moderado,Rehabilitación,1,Rehabilitación
75,intenso,Salud/Movilidad,0,Híbrido
81,intenso,Salud/Movilidad,1,Adulto Mayor
42,sedentario,Rehabilitación,0,Híbrido
57,sedentario,Resistencia/Deporte,0,Híbrido
50,moderado,Resistencia/Deporte,0,Híbrido
59,intenso,Salud/Movilidad,0,Híbrido
32,ligero,Rehabilitación,0,Híbrido
61,intenso,Salud/Movilidad,0,Híbrido
61,moderado,Salud/Movilidad,0,Híbrido
55,sedentario,Resistencia/Deporte,0,Híbrido
42,moderado,Fuerza/Hipertrofia,0,Fuerza/Joven
73,sedentario,Salud/Movilidad,0,Adulto Mayor
40,ligero,Salud/Movilidad,0,Híbrido
71,sedentario,Salud/Movilidad,1,Adulto Mayor
36,moderado,Fuerza/Hipertrofia,0,Fuerza/Joven
62,sedentario,Salud/Movilidad,0,Híbrido
57,moderado,Salud/Movilidad,1,Rehabilitación
34,ligero,Resistencia/Deporte,0,Híbrido
78,sedentario,Salud/Movilidad,0,Adulto Mayor
60,ligero,Salud/Movilidad,0,Híbrido
50,sedentario,Rehabilitación,1,Rehabilitación
54,intenso,Salud/Movilidad,0,Híbrido
45,ligero,Rehabilitación,1,Rehabilitación
84,sedentario,Rehabilitación,1,Rehabilitación
37,ligero,Salud/Movilidad,0,Híbrido
20,ligero,Resistencia/Deporte,0,Híbrido
34,ligero,Fuerza/Hipertrofia,0,Fuerza/Joven
65,sedentario,Rehabilitación,1,Rehabilitación
63,sedentario,Salud/Movilidad,0,Híbrido
64,ligero,Fuerza/Hipertrofia,0,Fuerza/Joven
47,moderado,Resistencia/Deporte,0,Híbrido
38,intenso,Salud/Movilidad,0,Híbrido
32,ligero,Resistencia/Deporte,0,Híbrido
43,moderado,Resistencia/Deporte,0,Híbrido
82,ligero,Salud/Movilidad,0,Híbrido
38,sedentario,Fuerza/Hipertrofia,0,Fuerza/Joven
50,moderado,Fuerza/Hipertrofia,0,Fuerza/Joven
29,ligero,Fuerza/Hipertrofia,0,Fuerza/Joven
71,sedentario,Resistencia/Deporte,0,Adulto Mayor
26,sedentario,Rehabilitación,1,Rehabilitación
53,sedentario,Fuerza/Hipertrofia,0,Fuerza/Joven
52,moderado,Rehabilitación,1,Rehabilitación
71,sedentario,Rehabilitación,1,Rehabilitación
74,sedentario,Rehabilitación,1,Rehabilitación
32,moderado,Salud/Movilidad,0,Híbrido
64,sedentario,Rehabilitación,1,Rehabilitación
30,sedentario,Salud/Movilidad,0,Híbrido
83,sedentario,Salud/Movilidad,0,Adulto Mayor
30,ligero,Resistencia/Deporte,0,Híbrido
18,sedentario,Fuerza/Hipertrofia,0,Fuerza/Joven
38,sedentario,Resistencia/Deporte,0,Híbrido
58,intenso,Fuerza/Hipertrofia,0,Fuerza/Joven
54,intenso,Rehabilitación,1,Rehabilitación
73,sedentario,Salud/Movilidad,0,Adulto Mayor
29,sedentario,Salud/Movilidad,0,Híbrido
37,sedentario,Fuerza/Hipertrofia,0,Fuerza/Joven
82,ligero,Rehabilitación,1,Rehabilitación
38,ligero,Resistencia/Deporte,0,Híbrido
52,moderado,Rehabilitación,1,Rehabilitación
70,ligero,Salud/Movilidad,0,Híbrido
71,intenso,Salud/Movilidad,1,Adulto Mayor
69,sedentario,Salud/Movilidad,0,Adulto Mayor
62,sedentario,Salud/Movilidad,0,Híbrido
63,sedentario,Salud/Movilidad,1,Rehabilitación
48,ligero,Fuerza/Hipertrofia,0,Fuerza/Joven
35,sedentario,Fuerza/Hipertrofia,0,Fuerza/Joven
55,ligero,Fuerza/Hipertrofia,0,Fuerza/Joven
79,sedentario,Salud/Movilidad,1,Adulto Mayor
63,sedentario,Salud/Movilidad,0,Híbrido
28,ligero,Resistencia/Deporte,0,Híbrido
55,ligero,Resistencia/Deporte,0,Híbrido
53,ligero,Resistencia/Deporte,0,Híbrido
47,sedentario,Fuerza/Hipertrofia,0,Fuerza/Joven
60,sedentario,Resistencia/Deporte,0,Híbrido
73,sedentario,Rehabilitación,1,Rehabilitación
33,ligero,Salud/Movilidad,0,Híbrido
83,moderado,Salud/Movilidad,0,Híbrido
46,moderado,Fuerza/Hipertrofia,0,Fuerza/Joven
40,moderado,Salud/Movilidad,0,Híbrido
50,sedentario,Rehabilitación,0,Híbrido
57,ligero,Fuerza/Hipertrofia,0,Fuerza/Joven
71,sedentario,Salud/Movilidad,0,Adulto Mayor
32,moderado,Fuerza/Hipertrofia,0,Fuerza/Joven
26,moderado,Fuerza/Hipertrofia,0,Fuerza/Joven
65,moderado,Salud/Movilidad,0,Híbrido
78,sedentario,Salud/Movilidad,0,Adulto Mayor
25,sedentario,Salud/Movilidad,0,Híbrido
45,ligero,Salud/Movilidad,1,Rehabilitación
58,moderado,Fuerza/Hipertrofia,1,Híbrido
27,moderado,Fuerza/Hipertrofia,0,Fuerza/Joven
82,sedentario,Rehabilitación,1,Rehabilitación
31,moderado,Rehabilitación,1,Rehabilitación
64,ligero,Rehabilitación,1,Rehabilitación
53,moderado,Resistencia/Deporte,0,Híbrido
18,ligero,Resistencia/Deporte,0,Híbrido
43,ligero,Salud/Movilidad,0,Híbrido
39,ligero,Salud/Movilidad,0,Híbrido
62,moderado,Rehabilitación,0,Híbrido
68,sedentario,Salud/Movilidad,0,Adulto Mayor
55,moderado,Rehabilitación,1,Rehabilitación
45,moderado,Fuerza/Hipertrofia,0,Fuerza/Joven
62,sedentario,Salud/Movilidad,0,Híbrido
57,moderado,Salud/Movilidad,1,Híbrido
30,sedentario,Fuerza/Hipertrofia,0,Fuerza/Joven
42,ligero,Salud/Movilidad,1,Híbrido
65,moderado,Salud/Movilidad,0,Híbrido
80,sedentario,Salud/Movilidad,1,Adulto Mayor
78,moderado,Salud/Movilidad,0,Híbrido
78,moderado,Salud/Movilidad,0,Híbrido
40,sedentario,Rehabilitación,1,Rehabilitación
69,sedentario,Rehabilitación,1,Rehabilitación
65,ligero,Salud/Movilidad,0,Híbrido
69,sedentario,Salud/Movilidad,0,Adulto Mayor
84,sedentario,Salud/Movilidad,0,Adulto Mayor
59,sedentario,Resistencia/Deporte,0,Híbrido
68,sedentario,Resistencia/Deporte,0,Adulto Mayor
72,ligero,Rehabilitación,1,Rehabilitación
68,sedentario,Rehabilitación,0,Adulto Mayor
21,intenso,Fuerza/Hipertrofia,0,Fuerza/Joven
67,sedentario,Salud/Movilidad,1,Adulto Mayor
69,sedentario,Salud/Movilidad,1,Adulto Mayor
44,ligero,Rehabilitación,1,Rehabilitación
29,ligero,Fuerza/Hipertrofia,0,Fuerza/Joven
52,ligero,Salud/Movilidad,0,Híbrido
27,sedentario,Fuerza/Hipertrofia,0,Fuerza/Joven
48,ligero,Fuerza/Hipertrofia,0,Fuerza/Joven
46,moderado,Rehabilitación,1,Rehabilitación
53,ligero,Salud/Movilidad,0,Híbrido
71,sedentario,Rehabilitación,1,Rehabilitación
59,sedentario,Fuerza/Hipertrofia,0,Fuerza/Joven
22,moderado,Salud/Movilidad,0,Híbrido
77,sedentario,Salud/Movilidad,0,Adulto Mayor
40,ligero,Salud/Movilidad,0,Híbrido
40,moderado,Resistencia/Deporte,0,Híbrido
46,ligero,Fuerza/Hipertrofia,0,Fuerza/Joven
22,intenso,Salud/Movilidad,0,Híbrido
65,moderado,Salud/Movilidad,0,Híbrido
24,ligero,Fuerza/Hipertrofia,0,Fuerza/Joven
63,moderado,Salud/Movilidad,0,Híbrido
69,sedentario,Salud/Movilidad,0,Adulto Mayor
39,moderado,Fuerza/Hipertrofia,0,Fuerza/Joven
39,intenso,Fuerza/Hipertrofia,0,Fuerza/Joven
83,sedentario,Rehabilitación,0,Adulto Mayor
77,sedentario,Salud/Movilidad,0,Adulto Mayor
25,sedentario,Fuerza/Hipertrofia,0,Fuerza/Joven
36,moderado,Salud/Movilidad,0,Híbrido
46,intenso,Fuerza/Hipertrofia,0,Fuerza/Joven
61,sedentario,Salud/Movilidad,0,Híbrido
74,sedentario,Salud/Movilidad,0,Adulto Mayor
68,intenso,Salud/Movilidad,0,Híbrido
45,moderado,Fuerza/Hipertrofia,0,Fuerza/Joven
31,ligero,Fuerza/Hipertrofia,0,Fuerza/Joven
56,moderado,Salud/Movilidad,0,Híbrido
23,sedentario,Resistencia/Deporte,0,Híbrido
65,moderado,Salud/Movilidad,0,Híbrido
32,moderado,Fuerza/Hipertrofia,0,Fuerza/Joven
66,moderado,Salud/Movilidad,0,Híbrido
39,sedentario,Resistencia/Deporte,0,Híbrido
61,ligero,Salud/Movilidad,0,Híbrido
65,ligero,Salud/Movilidad,0,Híbrido
64,intenso,Rehabilitación,1,Rehabilitación
79,sedentario,Salud/Movilidad,0,Adulto Mayor
53,moderado,Resistencia/Deporte,0,Híbrido
59,sedentario,Salud/Movilidad,0,Híbrido
53,intenso,Fuerza/Hipertrofia,0,Fuerza/Joven
37,sedentario,Fuerza/Hipertrofia,0,Fuerza/Joven
52,sedentario,Fuerza/Hipertrofia,0,Fuerza/Joven
51,moderado,Resistencia/Deporte,0,Híbrido
58,ligero,Resistencia/Deporte,0,Híbrido
80,moderado,Salud/Movilidad,0,Híbrido
81,moderado,Rehabilitación,1,Rehabilitación
81,sedentario,Fuerza/Hipertrofia,0,Adulto Mayor
70,ligero,Salud/Movilidad,0,Híbrido
30,ligero,Fuerza/Hipertrofia,0,Fuerza/Joven
28,sedentario,Fuerza/Hipertrofia,0,Fuerza/Joven
39,sedentario,Resistencia/Deporte,0,Híbrido
55,moderado,Rehabilitación,1,Rehabilitación
67,ligero,Rehabilitación,1,Rehabilitación
36,sedentario,Salud/Movilidad,1,Híbrido
21,moderado,Resistencia/Deporte,0,Híbrido
62,sedentario,Salud/Movilidad,0,Híbrido
50,moderado,Rehabilitación,0,Híbrido
48,ligero,Resistencia/Deporte,0,Híbrido
22,sedentario,Rehabilitación,0,Híbrido
23,ligero,Salud/Movilidad,0,Híbrido
55,moderado,Fuerza/Hipertrofia,0,Fuerza/Joven
50,moderado,Resistencia/Deporte,0,Híbrido
44,moderado,Fuerza/Hipertrofia,0,Fuerza/Joven
54,moderado,Fuerza/Hipertrofia,0,Fuerza/Joven
26,moderado,Resistencia/Deporte,0,Híbrido
63,ligero,Salud/Movilidad,1,Híbrido
56,ligero,Salud/Movilidad,1,Rehabilitación
54,ligero,Salud/Movilidad,0,Híbrido
34,moderado,Fuerza/Hipertrofia,0,Fuerza/Joven
35,ligero,Salud/Movilidad,0,Híbrido
22,sedentario,Rehabilitación,1,Rehabilitación
85,sedentario,Salud/Movilidad,0,Adulto Mayor
38,moderado,Fuerza/Hipertrofia,0,Fuerza/Joven
80,sedentario,Salud/Movilidad,1,Adulto Mayor
20,moderado,Resistencia/Deporte,0,Híbrido
84,sedentario,Fuerza/Hipertrofia,0,Adulto Mayor
45,sedentario,Fuerza/Hipertrofia,0,Fuerza/Joven
75,sedentario,Rehabilitación,1,Rehabilitación
21,moderado,Resistencia/Deporte,0,Híbrido
61,moderado,Salud/Movilidad,0,Híbrido
71,sedentario,Rehabilitación,1,Rehabilitación
44,moderado,Salud/Movilidad,0,Híbrido
38,sedentario,Fuerza/Hipertrofia,0,Fuerza/Joven
41,ligero,Resistencia/Deporte,0,Híbrido
72,intenso,Salud/Movilidad,0,Híbrido
53,moderado,Fuerza/Hipertrofia,0,Fuerza/Joven
31,ligero,Fuerza/Hipertrofia,0,Fuerza/Joven
42,sedentario,Resistencia/Deporte,0,Híbrido
79,moderado,Rehabilitación,1,Rehabilitación
19,ligero,Resistencia/Deporte,1,Rehabilitación
20,moderado,Fuerza/Hipertrofia,0,Fuerza/Joven
27,intenso,Fuerza/Hipertrofia,0,Fuerza/Joven
56,moderado,Resistencia/Deporte,0,Híbrido
73,sedentario,Rehabilitación,1,Rehabilitación
42,ligero,Fuerza/Hipertrofia,0,Fuerza/Joven
77,sedentario,Salud/Movilidad,0,Adulto Mayor
37,sedentario,Fuerza/Hipertrofia,0,Fuerza/Joven
80,sedentario,Fuerza/Hipertrofia,1,Adulto Mayor
75,sedentario,Rehabilitación,1,Rehabilitación
41,ligero,Rehabilitación,1,Rehabilitación
38,sedentario,Salud/Movilidad,0,Híbrido
61,ligero,Salud/Movilidad,0,Híbrido
70,sedentario,Salud/Movilidad,0,Adulto Mayor
21,intenso,Salud/Movilidad,0,Híbrido
77,moderado,Salud/Movilidad,0,Híbrido
27,ligero,Resistencia/Deporte,0,Híbrido
37,moderado,Fuerza/Hipertrofia,0,Fuerza/Joven
64,moderado,Rehabilitación,0,Híbrido
68,sedentario,Salud/Movilidad,0,Adulto Mayor
23,ligero,Salud/Movilidad,0,Híbrido
38,ligero,Salud/Movilidad,0,Híbrido
30,intenso,Salud/Movilidad,0,Híbrido
82,sedentario,Resistencia/Deporte,0,Adulto Mayor
31,moderado,Salud/Movilidad,0,Híbrido
25,moderado,Fuerza/Hipertrofia,0,Fuerza/Joven
25,ligero,Resistencia/Deporte,0,Híbrido
68,ligero,Salud/Movilidad,0,Híbrido
56,ligero,Resistencia/Deporte,0,Híbrido
47,sedentario,Resistencia/Deporte,0,Híbrido
53,sedentario,Fuerza/Hipertrofia,0,Fuerza/Joven
68,ligero,Salud/Movilidad,1,Adulto Mayor
23,ligero,Fuerza/Hipertrofia,0,Fuerza/Joven
52,ligero,Rehabilitación,1,Rehabilitación
25,ligero,Fuerza/Hipertrofia,0,Fuerza/Joven
43,moderado,Rehabilitación,0,Híbrido
44,sedentario,Salud/Movilidad,0,Híbrido
41,ligero,Rehabilitación,1,Rehabilitación
20,ligero,Fuerza/Hipertrofia,0,Fuerza/Joven
42,ligero,Resistencia/Deporte,0,Híbrido
29,moderado,Salud/Movilidad,0,Híbrido
38,moderado,Salud/Movilidad,0,Híbrido
22,sedentario,Fuerza/Hipertrofia,0,Fuerza/Joven
35,sedentario,Fuerza/Hipertrofia,0,Fuerza/Joven
74,sedentario,Salud/Movilidad,0,Adulto Mayor
65,sedentario,Salud/Movilidad,0,Adulto Mayor
57,sedentario,Rehabilitación,1,Rehabilitación
72,ligero,Salud/Movilidad,0,Híbrido
38,ligero,Resistencia/Deporte,0,Híbrido
84,sedentario,Rehabilitación,1,Rehabilitación
25,ligero,Fuerza/Hipertrofia,0,Fuerza/Joven
80,sedentario,Salud/Movilidad,0,Adulto Mayor
76,sedentario,Salud/Movilidad,1,Adulto Mayor
78,moderado,Salud/Movilidad,1,Adulto Mayor
71,ligero,Rehabilitación,1,Rehabilitación
49,intenso,Fuerza/Hipertrofia,0,Fuerza/Joven
24,ligero,Fuerza/Hipertrofia,0,Fuerza/Joven
58,moderado,Resistencia/Deporte,0,Híbrido
61,ligero,Salud/Movilidad,0,Híbrido
20,sedentario,Fuerza/Hipertrofia,0,Fuerza/Joven
35,ligero,Rehabilitación,1,Rehabilitación
26,sedentario,Salud/Movilidad,0,Híbrido
69,sedentario,Salud/Movilidad,0,Adulto Mayor
53,moderado,Fuerza/Hipertrofia,0,Fuerza/Joven
73,sedentario,Rehabilitación,1,Rehabilitación
21,sedentario,Salud/Movilidad,0,Híbrido
75,intenso,Rehabilitación,1,Rehabilitación
54,moderado,Fuerza/Hipertrofia,0,Fuerza/Joven
77,ligero,Rehabilitación,1,Rehabilitación
60,ligero,Fuerza/Hipertrofia,0,Fuerza/Joven
69,sedentario,Salud/Movilidad,0,Adulto Mayor
46,intenso,Resistencia/Deporte,0,Híbrido
33,moderado,Salud/Movilidad,0,Híbrido
83,sedentario,Rehabilitación,1,Rehabilitación
25,moderado,Resistencia/Deporte,0,Híbrido
61,sedentario,Salud/Movilidad,0,Híbrido
41,moderado,Rehabilitación,0,Híbrido
46,moderado,Resistencia/Deporte,0,Híbrido
38,moderado,Salud/Movilidad,0,Híbrido
37,moderado,Fuerza/Hipertrofia,0,Fuerza/Joven
44,ligero,Salud/Movilidad,0,Híbrido
82,sedentario,Rehabilitación,1,Rehabilitación
64,sedentario,Rehabilitación,0,Híbrido
47,intenso,Fuerza/Hipertrofia,0,Fuerza/Joven
20,sedentario,Fuerza/Hipertrofia,0,Fuerza/Joven
50,moderado,Fuerza/Hipertrofia,0,Fuerza/Joven
34,ligero,Resistencia/Deporte,0,Híbrido
74,sedentario,Salud/Movilidad,0,Adulto Mayor
22,ligero,Fuerza/Hipertrofia,0,Fuerza/Joven
26,sedentario,Salud/Movilidad,0,Híbrido
65,moderado,Salud/Movilidad,0,Híbrido
78,ligero,Salud/Movilidad,0,Híbrido
76,sedentario,Salud/Movilidad,0,Adulto Mayor
50,moderado,Salud/Movilidad,0,Híbrido
31,sedentario,Resistencia/Deporte,0,Híbrido
37,sedentario,Salud/Movilidad,0,Híbrido
43,intenso,Fuerza/Hipertrofia,0,Fuerza/Joven
55,moderado,Salud/Movilidad,0,Híbrido
26,moderado,Fuerza/Hipertrofia,0,Fuerza/Joven
43,sedentario,Rehabilitación,0,Híbrido
28,ligero,Salud/Movilidad,0,Híbrido
62,ligero,Salud/Movilidad,0,Híbrido
44,moderado,Rehabilitación,1,Rehabilitación
60,ligero,Fuerza/Hipertrofia,0,Fuerza/Joven
54,ligero,Rehabilitación,1,Rehabilitación
46,ligero,Fuerza/Hipertrofia,0,Fuerza/Joven
64,moderado,Fuerza/Hipertrofia,0,Fuerza/Joven
48,sedentario,Fuerza/Hipertrofia,0,Fuerza/Joven
44,ligero,Salud/Movilidad,0,Híbrido
19,intenso,Fuerza/Hipertrofia,0,Fuerza/Joven
39,moderado,Resistencia/Deporte,0,Híbrido
66,intenso,Salud/Movilidad,0,Híbrido
50,moderado,Fuerza/Hipertrofia,0,Fuerza/Joven
25,ligero,Fuerza/Hipertrofia,0,Fuerza/Joven
46,moderado,Salud/Movilidad,0,Híbrido
53,ligero,Fuerza/Hipertrofia,0,Fuerza/Joven
40,ligero,Fuerza/Hipertrofia,0,Fuerza/Joven
74,sedentario,Rehabilitación,0,Adulto Mayor
59,intenso,Resistencia/Deporte,0,Híbrido
76,sedentario,Rehabilitación,1,Rehabilitación
38,sedentario,Fuerza/Hipertrofia,1,Híbrido
23,ligero,Fuerza/Hipertrofia,0,Fuerza/Joven
67,sedentario,Salud/Movilidad,1,Adulto Mayor
53,intenso,Salud/Movilidad,1,Híbrido
36,moderado,Salud/Movilidad,0,Híbrido
19,moderado,Resistencia/Deporte,0,Híbrido
72,sedentario,Rehabilitación,1,Rehabilitación
23,sedentario,Fuerza/Hipertrofia,0,Fuerza/Joven
64,sedentario,Rehabilitación,0,Híbrido
35,ligero,Salud/Movilidad,0,Híbrido
74,moderado,Salud/Movilidad,1,Adulto Mayor
30,moderado,Fuerza/Hipertrofia,0,Fuerza/Joven
29,moderado,Salud/Movilidad,0,Híbrido
28,moderado,Fuerza/Hipertrofia,0,Fuerza/Joven
84,sedentario,Resistencia/Deporte,0,Adulto Mayor
26,sedentario,Fuerza/Hipertrofia,0,Fuerza/Joven
21,sedentario,Resistencia/Deporte,0,Híbrido
60,ligero,Salud/Movilidad,0,Híbrido
48,ligero,Rehabilitación,1,Rehabilitación
24,ligero,Salud/Movilidad,0,Híbrido
51,ligero,Resistencia/Deporte,0,Híbrido
74,sedentario,Rehabilitación,1,Rehabilitación
83,intenso,Resistencia/Deporte,0,Híbrido
84,ligero,Salud/Movilidad,0,Híbrido
66,sedentario,Rehabilitación,1,Rehabilitación
68,sedentario,Salud/Movilidad,0,Adulto Mayor
59,ligero,Salud/Movilidad,0,Híbrido
65,intenso,Rehabilitación,1,Rehabilitación
69,intenso,Salud/Movilidad,0,Híbrido
43,moderado,Resistencia/Deporte,0,Híbrido
45,ligero,Fuerza/Hipertrofia,0,Fuerza/Joven
70,sedentario,Salud/Movilidad,0,Adulto Mayor
85,ligero,Salud/Movilidad,0,Híbrido
42,ligero,Salud/Movilidad,1,Rehabilitación
78,sedentario,Rehabilitación,1,Rehabilitación
77,moderado,Rehabilitación,1,Rehabilitación
37,sedentario,Fuerza/Hipertrofia,0,Fuerza/Joven
66,sedentario,Rehabilitación,1,Rehabilitación
62,moderado,Resistencia/Deporte,0,Híbrido
76,ligero,Salud/Movilidad,0,Híbrido
73,ligero,Rehabilitación,0,Híbrido
71,ligero,Rehabilitación,0,Híbrido
64,moderado,Rehabilitación,1,Rehabilitación
40,moderado,Fuerza/Hipertrofia,0,Fuerza/Joven
75,moderado,Rehabilitación,1,Rehabilitación
38,moderado,Rehabilitación,1,Rehabilitación
40,moderado,Fuerza/Hipertrofia,0,Fuerza/Joven
44,moderado,Fuerza/Hipertrofia,0,Fuerza/Joven
57,sedentario,Resistencia/Deporte,0,Híbrido
78,sedentario,Fuerza/Hipertrofia,1,Adulto Mayor
73,sedentario,Salud/Movilidad,0,Adulto Mayor
34,ligero,Resistencia/Deporte,0,Híbrido
67,ligero,Salud/Movilidad,0,Híbrido
30,moderado,Fuerza/Hipertrofia,0,Fuerza/Joven
80,sedentario,Salud/Movilidad,0,Adulto Mayor
40,ligero,Fuerza/Hipertrofia,0,Fuerza/Joven
83,sedentario,Resistencia/Deporte,1,Adulto Mayor
75,sedentario,Salud/Movilidad,0,Adulto Mayor
26,sedentario,Fuerza/Hipertrofia,0,Fuerza/Joven
37,intenso,Salud/Movilidad,0,Híbrido
80,sedentario,Rehabilitación,1,Rehabilitación
61,moderado,Salud/Movilidad,0,Híbrido
74,sedentario,Rehabilitación,1,Rehabilitación
32,moderado,Fuerza/Hipertrofia,0,Fuerza/Joven
48,ligero,Salud/Movilidad,0,Híbrido
42,moderado,Fuerza/Hipertrofia,0,Fuerza/Joven
77,sedentario,Rehabilitación,1,Rehabilitación
72,sedentario,Salud/Movilidad,0,Adulto Mayor
77,sedentario,Salud/Movilidad,0,Adulto Mayor
44,intenso,Salud/Movilidad,1,Híbrido
42,ligero,Resistencia/Deporte,0,Híbrido
72,sedentario,Salud/Movilidad,0,Adulto Mayor
19,sedentario,Resistencia/Deporte,0,Híbrido
57,moderado,Salud/Movilidad,1,Híbrido
62,intenso,Salud/Movilidad,1,Híbrido
57,ligero,Fuerza/Hipertrofia,0,Fuerza/Joven
48,ligero,Fuerza/Hipertrofia,0,Fuerza/Joven
53,sedentario,Fuerza/Hipertrofia,0,Fuerza/Joven
80,ligero,Resistencia/Deporte,1,Adulto Mayor
61,intenso,Salud/Movilidad,0,Híbrido
47,sedentario,Rehabilitación,1,Rehabilitación
65,sedentario,Salud/Movilidad,0,Adulto Mayor
29,sedentario,Resistencia/Deporte,0,Híbrido
72,moderado,Fuerza/Hipertrofia,0,Híbrido
44,intenso,Fuerza/Hipertrofia,0,Fuerza/Joven
37,ligero,Fuerza/Hipertrofia,0,Fuerza/Joven
25,sedentario,Fuerza/Hipertrofia,0,Fuerza/Joven
35,ligero,Rehabilitación,1,Rehabilitación
79,sedentario,Salud/Movilidad,0,Adulto Mayor
48,ligero,Salud/Movilidad,0,Híbrido
19,ligero,Salud/Movilidad,0,Híbrido
57,moderado,Salud/Movilidad,1,Rehabilitación
77,sedentario,Fuerza/Hipertrofia,1,Adulto Mayor
29,ligero,Fuerza/Hipertrofia,0,Fuerza/Joven
84,sedentario,Salud/Movilidad,0,Adulto Mayor
73,intenso,Rehabilitación,0,Híbrido
31,sedentario,Rehabilitación,1,Rehabilitación
72,sedentario,Salud/Movilidad,0,Adulto Mayor
22,ligero,Resistencia/Deporte,0,Híbrido
71,sedentario,Rehabilitación,1,Rehabilitación
28,sedentario,Fuerza/Hipertrofia,0,Fuerza/Joven
57,moderado,Rehabilitación,0,Híbrido
66,sedentario,Salud/Movilidad,1,Adulto Mayor
39,sedentario,Fuerza/Hipertrofia,0,Fuerza/Joven
26,ligero,Resistencia/Deporte,0,Híbrido
20,ligero,Resistencia/Deporte,0,Híbrido
56,sedentario,Salud/Movilidad,0,Híbrido
48,intenso,Salud/Movilidad,0,Híbrido
40,moderado,Salud/Movilidad,0,Híbrido
25,sedentario,Fuerza/Hipertrofia,0,Fuerza/Joven
85,sedentario,Rehabilitación,1,Rehabilitación
64,sedentario,Salud/Movilidad,0,Híbrido
20,ligero,Fuerza/Hipertrofia,0,Fuerza/Joven
23,ligero,Fuerza/Hipertrofia,0,Fuerza/Joven
20,sedentario,Resistencia/Deporte,0,Híbrido
51,moderado,Resistencia/Deporte,0,Híbrido
38,moderado,Fuerza/Hipertrofia,0,Fuerza/Joven
26,ligero,Resistencia/Deporte,0,Híbrido
67,sedentario,Resistencia/Deporte,1,Adulto Mayor
64,ligero,Salud/Movilidad,1,Rehabilitación
26,intenso,Fuerza/Hipertrofia,0,Fuerza/Joven
62,sedentario,Salud/Movilidad,0,Híbrido
61,ligero,Fuerza/Hipertrofia,0,Fuerza/Joven
58,sedentario,Salud/Movilidad,1,Rehabilitación
74,moderado,Resistencia/Deporte,0,Híbrido
29,moderado,Salud/Movilidad,0,Híbrido
45,ligero,Fuerza/Hipertrofia,0,Fuerza/Joven
38,moderado,Resistencia/Deporte,0,Híbrido
26,ligero,Salud/Movilidad,0,Híbrido
68,ligero,Salud/Movilidad,0,Híbrido
34,sedentario,Resistencia/Deporte,0,Híbrido
68,ligero,Salud/Movilidad,0,Híbrido
29,moderado,Rehabilitación,1,Rehabilitación
69,moderado,Salud/Movilidad,0,Híbrido
31,ligero,Fuerza/Hipertrofia,0,Fuerza/Joven
70,ligero,Rehabilitación,0,Híbrido
68,sedentario,Rehabilitación,1,Rehabilitación
68,sedentario,Salud/Movilidad,0,Adulto Mayor
55,moderado,Resistencia/Deporte,0,Híbrido
77,intenso,Rehabilitación,1,Rehabilitación
62,ligero,Salud/Movilidad,0,Híbrido
31,ligero,Salud/Movilidad,0,Híbrido
60,moderado,Fuerza/Hipertrofia,0,Fuerza/Joven
33,ligero,Fuerza/Hipertrofia,0,Fuerza/Joven
18,intenso,Salud/Movilidad,0,Híbrido
21,ligero,Salud/Movilidad,0,Híbrido
30,sedentario,Salud/Movilidad,0,Híbrido
26,moderado,Rehabilitación,0,Híbrido
71,ligero,Salud/Movilidad,0,Híbrido
40,sedentario,Fuerza/Hipertrofia,0,Fuerza/Joven
59,moderado,Resistencia/Deporte,0,Híbrido
34,ligero,Fuerza/Hipertrofia,0,Fuerza/Joven
33,ligero,Resistencia/Deporte,0,Híbrido
20,sedentario,Rehabilitación,1,Rehabilitación
71,sedentario,Salud/Movilidad,0,Adulto Mayor
22,moderado,Fuerza/Hipertrofia,0,Fuerza/Joven
72,sedentario,Rehabilitación,1,Rehabilitación
37,sedentario,Fuerza/Hipertrofia,0,Fuerza/Joven
32,sedentario,Fuerza/Hipertrofia,0,Fuerza/Joven
70,sedentario,Salud/Movilidad,0,Adulto Mayor
34,ligero,Resistencia/Deporte,0,Híbrido
47,intenso,Fuerza/Hipertrofia,0,Fuerza/Joven
37,ligero,Salud/Movilidad,0,Híbrido
43,intenso,Fuerza/Hipertrofia,0,Fuerza/Joven
22,sedentario,Resistencia/Deporte,0,Híbrido
77,moderado,Salud/Movilidad,1,Adulto Mayor
81,ligero,Salud/Movilidad,0,Híbrido
27,ligero,Salud/Movilidad,0,Híbrido
79,sedentario,Salud/Movilidad,0,Adulto Mayor
38,moderado,Fuerza/Hipertrofia,0,Fuerza/Joven
20,intenso,Fuerza/Hipertrofia,0,Fuerza/Joven
18,intenso,Salud/Movilidad,0,Híbrido
52,ligero,Rehabilitación,1,Rehabilitación
39,moderado,Fuerza/Hipertrofia,0,Fuerza/Joven
84,sedentario,Salud/Movilidad,1,Adulto Mayor
34,ligero,Fuerza/Hipertrofia,0,Fuerza/Joven
32,ligero,Fuerza/Hipertrofia,0,Fuerza/Joven
20,intenso,Fuerza/Hipertrofia,0,Fuerza/Joven
53,ligero,Salud/Movilidad,1,Rehabilitación
22,sedentario,Fuerza/Hipertrofia,0,Fuerza/Joven
69,intenso,Salud/Movilidad,0,Híbrido
33,sedentario,Resistencia/Deporte,0,Híbrido
44,sedentario,Fuerza/Hipertrofia,0,Fuerza/Joven
84,moderado,Rehabilitación,1,Rehabilitación
78,sedentario,Resistencia/Deporte,0,Adulto Mayor
23,ligero,Fuerza/Hipertrofia,0,Fuerza/Joven
40,intenso,Fuerza/Hipertrofia,0,Fuerza/Joven
30,ligero,Salud/Movilidad,0,Híbrido
78,sedentario,Salud/Movilidad,0,Adulto Mayor
62,sedentario,Rehabilitación,1,Rehabilitación
84,sedentario,Salud/Movilidad,1,Adulto Mayor
38,ligero,Fuerza/Hipertrofia,0,Fuerza/Joven
20,sedentario,Fuerza/Hipertrofia,0,Fuerza/Joven
36,ligero,Fuerza/Hipertrofia,0,Fuerza/Joven
85,sedentario,Salud/Movilidad,0,Adulto Mayor
81,sedentario,Rehabilitación,1,Rehabilitación
44,ligero,Fuerza/Hipertrofia,0,Fuerza/Joven
33,ligero,Fuerza/Hipertrofia,0,Fuerza/Joven
75,sedentario,Rehabilitación,0,Adulto Mayor
52,ligero,Fuerza/Hipertrofia,0,Fuerza/Joven
38,sedentario,Salud/Movilidad,0,Híbrido
41,sedentario,Resistencia/Deporte,1,Híbrido
73,sedentario,Salud/Movilidad,0,Adulto Mayor
49,sedentario,Fuerza/Hipertrofia,0,Fuerza/Joven
61,ligero,Salud/Movilidad,0,Híbrido
76,ligero,Resistencia/Deporte,1,Adulto Mayor
48,intenso,Fuerza/Hipertrofia,0,Fuerza/Joven
45,ligero,Salud/Movilidad,0,Híbrido
56,intenso,Rehabilitación,1,Rehabilitación
43,moderado,Resistencia/Deporte,0,Híbrido
66,sedentario,Salud/Movilidad,1,Adulto Mayor
27,intenso,Rehabilitación,1,Rehabilitación
84,ligero,Salud/Movilidad,0,Híbrido
68,sedentario,Salud/Movilidad,0,Adulto Mayor
38,ligero,Fuerza/Hipertrofia,0,Fuerza/Joven
55,ligero,Resistencia/Deporte,0,Híbrido
73,ligero,Rehabilitación,1,Rehabilitación
25,intenso,Salud/Movilidad,1,Rehabilitación
50,ligero,Salud/Movilidad,0,Híbrido
56,intenso,Salud/Movilidad,0,Híbrido
20,ligero,Fuerza/Hipertrofia,0,Fuerza/Joven
19,moderado,Salud/Movilidad,1,Rehabilitación
36,ligero,Rehabilitación,1,Rehabilitación
27,sedentario,Fuerza/Hipertrofia,0,Fuerza/Joven
37,sedentario,Fuerza/Hipertrofia,0,Fuerza/Joven
21,moderado,Fuerza/Hipertrofia,0,Fuerza/Joven
78,sedentario,Salud/Movilidad,0,Adulto Mayor
35,intenso,Fuerza/Hipertrofia,0,Fuerza/Joven
33,sedentario,Salud/Movilidad,1,Híbrido
76,sedentario,Resistencia/Deporte,1,Adulto Mayor
20,moderado,Fuerza/Hipertrofia,0,Fuerza/Joven
22,ligero,Fuerza/Hipertrofia,0,Fuerza/Joven
42,moderado,Fuerza/Hipertrofia,1,Rehabilitación
84,ligero,Salud/Movilidad,0,Híbrido
57,intenso,Fuerza/Hipertrofia,0,Fuerza/Joven
72,sedentario,Salud/Movilidad,1,Adulto Mayor
23,moderado,Rehabilitación,0,Híbrido
39,sedentario,Resistencia/Deporte,0,Híbrido
55,ligero,Salud/Movilidad,1,Híbrido
71,ligero,Resistencia/Deporte,0,Híbrido
45,moderado,Fuerza/Hipertrofia,0,Fuerza/Joven
76,sedentario,Rehabilitación,1,Rehabilitación
74,sedentario,Fuerza/Hipertrofia,0,Adulto Mayor
33,ligero,Fuerza/Hipertrofia,0,Fuerza/Joven
31,intenso,Fuerza/Hipertrofia,0,Fuerza/Joven
37,ligero,Salud/Movilidad,1,Híbrido
61,sedentario,Salud/Movilidad,0,Híbrido
32,moderado,Fuerza/Hipertrofia,0,Fuerza/Joven
62,sedentario,Rehabilitación,1,Rehabilitación
79,sedentario,Rehabilitación,0,Adulto Mayor
25,sedentario,Resistencia/Deporte,0,Híbrido
64,intenso,Rehabilitación,0,Híbrido
79,ligero,Rehabilitación,1,Rehabilitación
70,intenso,Rehabilitación,1,Rehabilitación
25,sedentario,Resistencia/Deporte,0,Híbrido
64,moderado,Rehabilitación,1,Rehabilitación
82,sedentario,Salud/Movilidad,0,Adulto Mayor
85,sedentario,Salud/Movilidad,0,Adulto Mayor
25,sedentario,Resistencia/Deporte,0,Híbrido
73,sedentario,Rehabilitación,1,Rehabilitación
49,ligero,Salud/Movilidad,0,Híbrido
22,moderado,Resistencia/Deporte,0,Híbrido
70,sedentario,Salud/Movilidad,0,Adulto Mayor
21,ligero,Resistencia/Deporte,0,Híbrido
80,sedentario,Fuerza/Hipertrofia,1,Adulto Mayor
66,sedentario,Salud/Movilidad,0,Adulto Mayor
64,sedentario,Salud/Movilidad,0,Híbrido
46,moderado,Fuerza/Hipertrofia,0,Fuerza/Joven
50,sedentario,Rehabilitación,1,Rehabilitación
62,ligero,Rehabilitación,1,Rehabilitación
59,intenso,Fuerza/Hipertrofia,0,Fuerza/Joven
29,sedentario,Rehabilitación,0,Híbrido
34,sedentario,Salud/Movilidad,0,Híbrido
34,ligero,Resistencia/Deporte,0,Híbrido
40,sedentario,Fuerza/Hipertrofia,0,Fuerza/Joven
21,moderado,Salud/Movilidad,0,Híbrido
23,ligero,Resistencia/Deporte,0,Híbrido
80,sedentario,Salud/Movilidad,0,Adulto Mayor
52,ligero,Resistencia/Deporte,0,Híbrido
54,ligero,Salud/Movilidad,1,Rehabilitación
32,sedentario,Fuerza/Hipertrofia,0,Fuerza/Joven
78,sedentario,Salud/Movilidad,0,Adulto Mayor
82,ligero,Salud/Movilidad,0,Híbrido
44,sedentario,Fuerza/Hipertrofia,0,Fuerza/Joven
83,ligero,Salud/Movilidad,0,Híbrido
28,sedentario,Resistencia/Deporte,0,Híbrido
75,sedentario,Rehabilitación,1,Rehabilitación
39,sedentario,Fuerza/Hipertrofia,0,Fuerza/Joven
54,intenso,Salud/Movilidad,0,Híbrido
54,sedentario,Rehabilitación,1,Rehabilitación
46,sedentario,Fuerza/Hipertrofia,0,Fuerza/Joven
22,intenso,Salud/Movilidad,1,Rehabilitación
77,sedentario,Rehabilitación,1,Rehabilitación
82,sedentario,Salud/Movilidad,0,Adulto Mayor
60,sedentario,Resistencia/Deporte,0,Híbrido
68,sedentario,Resistencia/Deporte,0,Adulto Mayor
50,sedentario,Rehabilitación,1,Rehabilitación
41,moderado,Salud/Movilidad,0,Híbrido
58,sedentario,Fuerza/Hipertrofia,0,Fuerza/Joven
21,moderado,Fuerza/Hipertrofia,0,Fuerza/Joven
26,ligero,Fuerza/Hipertrofia,0,Fuerza/Joven
43,ligero,Resistencia/Deporte,0,Híbrido
58,moderado,Salud/Movilidad,0,Híbrido
46,moderado,Fuerza/Hipertrofia,0,Fuerza/Joven
63,sedentario,Rehabilitación,1,Rehabilitación
61,ligero,Salud/Movilidad,1,Híbrido
58,ligero,Fuerza/Hipertrofia,0,Fuerza/Joven
84,moderado,Rehabilitación,1,Rehabilitación
29,intenso,Fuerza/Hipertrofia,0,Fuerza/Joven
32,sedentario,Fuerza/Hipertrofia,0,Fuerza/Joven
37,sedentario,Fuerza/Hipertrofia,0,Fuerza/Joven
32,ligero,Resistencia/Deporte,0,Híbrido
67,sedentario,Salud/Movilidad,0,Adulto Mayor
58,moderado,Resistencia/Deporte,0,Híbrido
40,ligero,Resistencia/Deporte,0,Híbrido
38,sedentario,Fuerza/Hipertrofia,0,Fuerza/Joven
22,sedentario,Salud/Movilidad,0,Híbrido
39,intenso,Rehabilitación,0,Híbrido
71,sedentario,Salud/Movilidad,0,Adulto Mayor
51,ligero,Salud/Movilidad,0,Híbrido
83,moderado,Salud/Movilidad,0,Híbrido
44,ligero,Fuerza/Hipertrofia,0,Fuerza/Joven
83,moderado,Salud/Movilidad,0,Híbrido
64,moderado,Resistencia/Deporte,0,Híbrido
61,sedentario,Salud/Movilidad,0,Híbrido
56,sedentario,Salud/Movilidad,0,Híbrido
23,sedentario,Fuerza/Hipertrofia,0,Fuerza/Joven
46,moderado,Salud/Movilidad,0,Híbrido
44,moderado,Rehabilitación,0,Híbrido
59,ligero,Fuerza/Hipertrofia,0,Fuerza/Joven
39,moderado,Fuerza/Hipertrofia,0,Fuerza/Joven
38,moderado,Salud/Movilidad,0,Híbrido
80,moderado,Rehabilitación,1,Rehabilitación
31,sedentario,Resistencia/Deporte,0,Híbrido
52,intenso,Fuerza/Hipertrofia,0,Fuerza/Joven
69,ligero,Salud/Movilidad,0,Híbrido
54,sedentario,Fuerza/Hipertrofia,0,Fuerza/Joven
57,ligero,Fuerza/Hipertrofia,0,Fuerza/Joven
33,ligero,Fuerza/Hipertrofia,0,Fuerza/Joven
35,sedentario,Resistencia/Deporte,0,Híbrido
84,sedentario,Salud/Movilidad,0,Adulto Mayor
39,moderado,Fuerza/Hipertrofia,1,Rehabilitación
50,intenso,Fuerza/Hipertrofia,0,Fuerza/Joven
37,sedentario,Resistencia/Deporte,0,Híbrido
60,sedentario,Resistencia/Deporte,0,Híbrido
68,ligero,Salud/Movilidad,0,Híbrido
47,sedentario,Fuerza/Hipertrofia,0,Fuerza/Joven
54,sedentario,Fuerza/Hipertrofia,0,Fuerza/Joven
52,sedentario,Salud/Movilidad,0,Híbrido
80,sedentario,Rehabilitación,1,Rehabilitación
72,moderado,Salud/Movilidad,0,Híbrido
55,sedentario,Salud/Movilidad,1,Híbrido
74,sedentario,Rehabilitación,1,Rehabilitación
64,sedentario,Rehabilitación,1,Rehabilitación
70,sedentario,Rehabilitación,1,Rehabilitación
25,ligero,Rehabilitación,1,Rehabilitación
32,ligero,Fuerza/Hipertrofia,0,Fuerza/Joven
65,sedentario,Rehabilitación,0,Adulto Mayor
82,sedentario,Resistencia/Deporte,0,Adulto Mayor
85,moderado,Salud/Movilidad,1,Adulto Mayor
42,intenso,Salud/Movilidad,0,Híbrido
47,sedentario,Fuerza/Hipertrofia,0,Fuerza/Joven
34,sedentario,Fuerza/Hipertrofia,0,Fuerza/Joven
26,sedentario,Fuerza/Hipertrofia,0,Fuerza/Joven
82,sedentario,Rehabilitación,1,Rehabilitación
32,sedentario,Fuerza/Hipertrofia,0,Fuerza/Joven
77,moderado,Salud/Movilidad,0,Híbrido
59,sedentario,Resistencia/Deporte,1,Híbrido
24,ligero,Fuerza/Hipertrofia,0,Fuerza/Joven
19,ligero,Resistencia/Deporte,0,Híbrido
80,ligero,Resistencia/Deporte,1,Adulto Mayor
72,moderado,Rehabilitación,1,Rehabilitación
32,moderado,Fuerza/Hipertrofia,0,Fuerza/Joven
47,moderado,Rehabilitación,1,Rehabilitación
37,intenso,Salud/Movilidad,0,Híbrido
70,moderado,Resistencia/Deporte,0,Híbrido
52,intenso,Salud/Movilidad,0,Híbrido
18,ligero,Resistencia/Deporte,0,Híbrido
84,sedentario,Salud/Movilidad,0,Adulto Mayor
84,sedentario,Salud/Movilidad,0,Adulto Mayor
50,sedentario,Salud/Movilidad,0,Híbrido
25,ligero,Salud/Movilidad,0,Híbrido
81,ligero,Salud/Movilidad,0,Híbrido
52,intenso,Salud/Movilidad,1,Híbrido
58,moderado,Salud/Movilidad,1,Rehabilitación
61,moderado,Salud/Movilidad,0,Híbrido
53,sedentario,Salud/Movilidad,0,Híbrido
66,sedentario,Salud/Movilidad,1,Adulto Mayor
68,sedentario,Salud/Movilidad,1,Adulto Mayor
61,moderado,Salud/Movilidad,0,Híbrido
70,sedentario,Salud/Movilidad,0,Adulto Mayor
73,sedentario,Salud/Movilidad,0,Adulto Mayor
21,ligero,Fuerza/Hipertrofia,0,Fuerza/Joven
65,sedentario,Salud/Movilidad,0,Adulto Mayor
19,ligero,Rehabilitación,1,Rehabilitación
77,intenso,Rehabilitación,1,Rehabilitación
57,moderado,Fuerza/Hipertrofia,0,Fuerza/Joven
54,ligero,Fuerza/Hipertrofia,0,Fuerza/Joven
51,moderado,Salud/Movilidad,0,Híbrido
63,moderado,Salud/Movilidad,0,Híbrido
31,sedentario,Salud/Movilidad,0,Híbrido
21,ligero,Fuerza/Hipertrofia,0,Fuerza/Joven
84,ligero,Rehabilitación,1,Rehabilitación
63,moderado,Salud/Movilidad,1,Rehabilitación
84,moderado,Salud/Movilidad,1,Adulto Mayor
82,sedentario,Rehabilitación,1,Rehabilitación
23,sedentario,Resistencia/Deporte,0,Híbrido
82,intenso,Salud/Movilidad,1,Adulto Mayor
55,ligero,Fuerza/Hipertrofia,0,Fuerza/Joven
85,sedentario,Salud/Movilidad,0,Adulto Mayor
52,sedentario,Salud/Movilidad,0,Híbrido
47,ligero,Rehabilitación,1,Rehabilitación
59,sedentario,Fuerza/Hipertrofia,0,Fuerza/Joven
21,ligero,Fuerza/Hipertrofia,0,Fuerza/Joven
38,sedentario,Resistencia/Deporte,0,Híbrido
29,moderado,Rehabilitación,0,Híbrido
60,moderado,Fuerza/Hipertrofia,0,Fuerza/Joven
73,ligero,Resistencia/Deporte,1,Adulto Mayor
37,moderado,Fuerza/Hipertrofia,0,Fuerza/Joven
83,moderado,Salud/Movilidad,0,Híbrido
32,sedentario,Salud/Movilidad,0,Híbrido
37,ligero,Fuerza/Hipertrofia,0,Fuerza/Joven
51,moderado,Fuerza/Hipertrofia,0,Fuerza/Joven
54,moderado,Resistencia/Deporte,0,Híbrido
70,moderado,Fuerza/Hipertrofia,1,Adulto Mayor
48,sedentario,Fuerza/Hipertrofia,0,Fuerza/Joven
38,moderado,Rehabilitación,0,Híbrido
61,moderado,Fuerza/Hipertrofia,0,Fuerza/Joven
48,moderado,Salud/Movilidad,1,Híbrido
81,sedentario,Rehabilitación,1,Rehabilitación
48,sedentario,Resistencia/Deporte,0,Híbrido
79,ligero,Salud/Movilidad,1,Adulto Mayor
58,sedentario,Salud/Movilidad,1,Rehabilitación
66,ligero,Salud/Movilidad,0,Híbrido
41,moderado,Resistencia/Deporte,0,Híbrido
80,sedentario,Rehabilitación,0,Adulto Mayor
43,sedentario,Salud/Movilidad,0,Híbrido
59,intenso,Fuerza/Hipertrofia,0,Fuerza/Joven
79,ligero,Salud/Movilidad,0,Híbrido
34,moderado,Fuerza/Hipertrofia,0,Fuerza/Joven
36,ligero,Salud/Movilidad,0,Híbrido
42,ligero,Fuerza/Hipertrofia,0,Fuerza/Joven
50,sedentario,Fuerza/Hipertrofia,0,Fuerza/Joven
74,sedentario,Salud/Movilidad,1,Adulto Mayor
18,ligero,Fuerza/Hipertrofia,0,Fuerza/Joven
80,sedentario,Salud/Movilidad,0,Adulto Mayor
67,sedentario,Rehabilitación,1,Rehabilitación
73,sedentario,Salud/Movilidad,0,Adulto Mayor
79,moderado,Salud/Movilidad,0,Híbrido
18,ligero,Resistencia/Deporte,0,Híbrido
21,moderado,Salud/Movilidad,1,Híbrido
30,sedentario,Salud/Movilidad,0,Híbrido
30,sedentario,Fuerza/Hipertrofia,0,Fuerza/Joven
82,sedentario,Salud/Movilidad,0,Adulto Mayor
23,ligero,Salud/Movilidad,0,Híbrido
54,intenso,Resistencia/Deporte,0,Híbrido
36,ligero,Rehabilitación,0,Híbrido
52,ligero,Salud/Movilidad,0,Híbrido
63,sedentario,Rehabilitación,0,Híbrido
51,sedentario,Fuerza/Hipertrofia,0,Fuerza/Joven
45,ligero,Salud/Movilidad,0,Híbrido
68,ligero,Salud/Movilidad,0,Híbrido
43,ligero,Fuerza/Hipertrofia,0,Fuerza/Joven
57,ligero,Fuerza/Hipertrofia,0,Fuerza/Joven
20,moderado,Resistencia/Deporte,0,Híbrido
20,moderado,Salud/Movilidad,0,Híbrido
68,moderado,Salud/Movilidad,0,Híbrido
53,ligero,Fuerza/Hipertrofia,0,Fuerza/Joven
33,intenso,Salud/Movilidad,0,Híbrido
60,intenso,Rehabilitación,1,Rehabilitación
71,sedentario,Salud/Movilidad,1,Adulto Mayor
32,sedentario,Fuerza/Hipertrofia,0,Fuerza/Joven
23,moderado,Resistencia/Deporte,0,Híbrido
44,moderado,Fuerza/Hipertrofia,0,Fuerza/Joven
79,sedentario,Rehabilitación,1,Rehabilitación
59,moderado,Rehabilitación,1,Rehabilitación
84,sedentario,Salud/Movilidad,0,Adulto Mayor
52,moderado,Fuerza/Hipertrofia,0,Fuerza/Joven
23,moderado,Salud/Movilidad,0,Híbrido
58,moderado,Fuerza/Hipertrofia,0,Fuerza/Joven
31,moderado,Salud/Movilidad,0,Híbrido
32,moderado,Resistencia/Deporte,0,Híbrido
25,moderado,Salud/Movilidad,0,Híbrido
35,ligero,Resistencia/Deporte,0,Híbrido
44,moderado,Resistencia/Deporte,0,Híbrido
70,sedentario,Salud/Movilidad,0,Adulto Mayor
42,moderado,Salud/Movilidad,0,Híbrido
73,moderado,Salud/Movilidad,1,Adulto Mayor
70,ligero,Resistencia/Deporte,0,Híbrido
78,ligero,Rehabilitación,1,Rehabilitación
29,ligero,Salud/Movilidad,0,Híbrido
38,moderado,Rehabilitación,0,Híbrido
78,intenso,Rehabilitación,1,Rehabilitación
22,intenso,Salud/Movilidad,0,Híbrido
71,moderado,Salud/Movilidad,0,Híbrido
83,sedentario,Rehabilitación,1,Rehabilitación
33,moderado,Resistencia/Deporte,0,Híbrido
24,sedentario,Fuerza/Hipertrofia,1,Rehabilitación
53,sedentario,Salud/Movilidad,1,Rehabilitación
21,sedentario,Rehabilitación,0,Híbrido
77,ligero,Salud/Movilidad,0,Híbrido
45,sedentario,Fuerza/Hipertrofia,0,Fuerza/Joven
67,sedentario,Salud/Movilidad,0,Adulto Mayor
44,sedentario,Fuerza/Hipertrofia,0,Fuerza/Joven
77,sedentario,Rehabilitación,1,Rehabilitación
19,sedentario,Resistencia/Deporte,0,Híbrido
22,moderado,Resistencia/Deporte,0,Híbrido
46,moderado,Rehabilitación,0,Híbrido
44,sedentario,Salud/Movilidad,0,Híbrido
53,sedentario,Salud/Movilidad,0,Híbrido
18,sedentario,Resistencia/Deporte,0,Híbrido
50,ligero,Fuerza/Hipertrofia,0,Fuerza/Joven
74,sedentario,Salud/Movilidad,1,Adulto Mayor
56,moderado,Fuerza/Hipertrofia,0,Fuerza/Joven
20,ligero,Rehabilitación,1,Rehabilitación
64,ligero,Salud/Movilidad,1,Híbrido
76,ligero,Rehabilitación,1,Rehabilitación
34,intenso,Salud/Movilidad,0,Híbrido
29,intenso,Resistencia/Deporte,0,Híbrido
77,sedentario,Fuerza/Hipertrofia,0,Adulto Mayor
52,sedentario,Fuerza/Hipertrofia,0,Fuerza/Joven
78,sedentario,Rehabilitación,1,Rehabilitación
43,ligero,Resistencia/Deporte,0,Híbrido
49,sedentario,Fuerza/Hipertrofia,0,Fuerza/Joven
31,sedentario,Salud/Movilidad,0,Híbrido
23,ligero,Resistencia/Deporte,0,Híbrido
77,sedentario,Salud/Movilidad,1,Adulto Mayor
19,ligero,Fuerza/Hipertrofia,0,Fuerza/Joven
53,intenso,Fuerza/Hipertrofia,0,Fuerza/Joven
57,ligero,Rehabilitación,1,Rehabilitación
84,ligero,Salud/Movilidad,0,Híbrido
73,moderado,Rehabilitación,1,Rehabilitación
28,moderado,Fuerza/Hipertrofia,0,Fuerza/Joven
80,sedentario,Rehabilitación,1,Rehabilitación
19,sedentario,Fuerza/Hipertrofia,0,Fuerza/Joven
25,intenso,Fuerza/Hipertrofia,0,Fuerza/Joven
31,ligero,Salud/Movilidad,0,Híbrido
49,ligero,Fuerza/Hipertrofia,0,Fuerza/Joven
60,moderado,Fuerza/Hipertrofia,0,Fuerza/Joven
28,moderado,Fuerza/Hipertrofia,0,Fuerza/Joven
18,sedentario,Fuerza/Hipertrofia,0,Fuerza/Joven
46,sedentario,Fuerza/Hipertrofia,0,Fuerza/Joven
26,intenso,Salud/Movilidad,0,Híbrido
46,ligero,Fuerza/Hipertrofia,0,Fuerza/Joven
81,sedentario,Salud/Movilidad,1,Adulto Mayor
54,ligero,Rehabilitación,1,Rehabilitación
85,intenso,Salud/Movilidad,0,Híbrido
70,sedentario,Rehabilitación,1,Rehabilitación
23,moderado,Salud/Movilidad,0,Híbrido
52,sedentario,Fuerza/Hipertrofia,0,Fuerza/Joven
39,moderado,Fuerza/Hipertrofia,0,Fuerza/Joven
76,moderado,Rehabilitación,1,Rehabilitación
28,moderado,Fuerza/Hipertrofia,0,Fuerza/Joven
26,moderado,Fuerza/Hipertrofia,0,Fuerza/Joven
72,sedentario,Salud/Movilidad,0,Adulto Mayor
52,sedentario,Resistencia/Deporte,0,Híbrido
41,intenso,Salud/Movilidad,0,Híbrido
57,ligero,Salud/Movilidad,0,Híbrido
62,moderado,Salud/Movilidad,0,Híbrido
38,ligero,Fuerza/Hipertrofia,0,Fuerza/Joven
39,intenso,Fuerza/Hipertrofia,0,Fuerza/Joven
58,sedentario,Fuerza/Hipertrofia,0,Fuerza/Joven
30,ligero,Salud/Movilidad,1,Rehabilitación
41,ligero,Fuerza/Hipertrofia,0,Fuerza/Joven
39,sedentario,Fuerza/Hipertrofia,0,Fuerza/Joven
53,intenso,Rehabilitación,1,Rehabilitación
80,sedentario,Salud/Movilidad,0,Adulto Mayor
81,ligero,Salud/Movilidad,1,Adulto Mayor
28,moderado,Fuerza/Hipertrofia,0,Fuerza/Joven
36,moderado,Fuerza/Hipertrofia,0,Fuerza/Joven
64,ligero,Salud/Movilidad,0,Híbrido
64,moderado,Rehabilitación,1,Rehabilitación
70,sedentario,Rehabilitación,1,Rehabilitación
57,moderado,Resistencia/Deporte,0,Híbrido
49,ligero,Rehabilitación,0,Híbrido
51,sedentario,Rehabilitación,1,Rehabilitación
38,moderado,Fuerza/Hipertrofia,0,Fuerza/Joven
60,sedentario,Salud/Movilidad,1,Rehabilitación
65,sedentario,Salud/Movilidad,0,Adulto Mayor
67,ligero,Salud/Movilidad,1,Adulto Mayor
56,sedentario,Salud/Movilidad,0,Híbrido
60,moderado,Rehabilitación,1,Rehabilitación
35,ligero,Resistencia/Deporte,0,Híbrido
43,ligero,Fuerza/Hipertrofia,0,Fuerza/Joven
38,ligero,Fuerza/Hipertrofia,0,Fuerza/Joven
25,moderado,Salud/Movilidad,0,Híbrido
46,intenso,Salud/Movilidad,0,Híbrido
28,ligero,Fuerza/Hipertrofia,0,Fuerza/Joven
41,sedentario,Salud/Movilidad,1,Rehabilitación
52,moderado,Rehabilitación,1,Rehabilitación
19,sedentario,Salud/Movilidad,0,Híbrido
57,ligero,Fuerza/Hipertrofia,0,Fuerza/Joven
58,moderado,Salud/Movilidad,1,Rehabilitación
30,sedentario,Resistencia/Deporte,0,Híbrido
56,sedentario,Resistencia/Deporte,0,Híbrido
47,ligero,Fuerza/Hipertrofia,0,Fuerza/Joven
66,intenso,Salud/Movilidad,0,Híbrido
57,moderado,Fuerza/Hipertrofia,0,Fuerza/Joven
44,moderado,Resistencia/Deporte,0,Híbrido
72,sedentario,Salud/Movilidad,0,Adulto Mayor
61,ligero,Rehabilitación,1,Rehabilitación
31,moderado,Fuerza/Hipertrofia,0,Fuerza/Joven
34,ligero,Fuerza/Hipertrofia,0,Fuerza/Joven
82,ligero,Resistencia/Deporte,0,Híbrido
55,moderado,Rehabilitación,1,Rehabilitación
18,ligero,Resistencia/Deporte,0,Híbrido
35,sedentario,Resistencia/Deporte,0,Híbrido
48,ligero,Fuerza/Hipertrofia,0,Fuerza/Joven
56,sedentario,Rehabilitación,1,Rehabilitación
42,ligero,Salud/Movilidad,0,Híbrido
80,moderado,Salud/Movilidad,0,Híbrido
64,sedentario,Salud/Movilidad,0,Híbrido
26,sedentario,Fuerza/Hipertrofia,0,Fuerza/Joven
68,intenso,Rehabilitación,1,Rehabilitación
62,moderado,Salud/Movilidad,0,Híbrido
62,moderado,Salud/Movilidad,0,Híbrido
30,sedentario,Fuerza/Hipertrofia,0,Fuerza/Joven
53,ligero,Rehabilitación,1,Rehabilitación
22,ligero,Salud/Movilidad,1,Rehabilitación
79,intenso,Fuerza/Hipertrofia,1,Adulto Mayor
62,intenso,Salud/Movilidad,0,Híbrido
63,intenso,Fuerza/Hipertrofia,0,Fuerza/Joven
69,sedentario,Salud/Movilidad,1,Adulto Mayor
21,sedentario,Fuerza/Hipertrofia,0,Fuerza/Joven
20,moderado,Fuerza/Hipertrofia,0,Fuerza/Joven
80,sedentario,Salud/Movilidad,0,Adulto Mayor
28,ligero,Fuerza/Hipertrofia,0,Fuerza/Joven
26,sedentario,Salud/Movilidad,0,Híbrido
72,ligero,Salud/Movilidad,0,Híbrido
68,ligero,Rehabilitación,0,Híbrido
30,sedentario,Resistencia/Deporte,0,Híbrido
49,intenso,Resistencia/Deporte,0,Híbrido
54,ligero,Fuerza/Hipertrofia,0,Fuerza/Joven
55,sedentario,Rehabilitación,1,Rehabilitación
28,moderado,Fuerza/Hipertrofia,0,Fuerza/Joven
35,sedentario,Fuerza/Hipertrofia,0,Fuerza/Joven
50,moderado,Resistencia/Deporte,0,Híbrido
36,sedentario,Fuerza/Hipertrofia,0,Fuerza/Joven
48,ligero,Fuerza/Hipertrofia,0,Fuerza/Joven
23,ligero,Fuerza/Hipertrofia,0,Fuerza/Joven
43,sedentario,Fuerza/Hipertrofia,0,Fuerza/Joven
80,ligero,Rehabilitación,1,Rehabilitación
74,sedentario,Rehabilitación,1,Rehabilitación
74,ligero,Salud/Movilidad,0,Híbrido
84,sedentario,Rehabilitación,1,Rehabilitación
43,moderado,Salud/Movilidad,0,Híbrido
45,ligero,Resistencia/Deporte,0,Híbrido
48,sedentario,Fuerza/Hipertrofia,0,Fuerza/Joven
24,sedentario,Fuerza/Hipertrofia,0,Fuerza/Joven
62,ligero,Salud/Movilidad,0,Híbrido
66,sedentario,Salud/Movilidad,0,Adulto Mayor
51,sedentario,Fuerza/Hipertrofia,0,Fuerza/Joven
20,moderado,Fuerza/Hipertrofia,0,Fuerza/Joven
35,moderado,Fuerza/Hipertrofia,0,Fuerza/Joven
30,sedentario,Fuerza/Hipertrofia,0,Fuerza/Joven
37,sedentario,Fuerza/Hipertrofia,0,Fuerza/Joven
76,sedentario,Rehabilitación,1,Rehabilitación
41,sedentario,Resistencia/Deporte,0,Híbrido
34,ligero,Fuerza/Hipertrofia,0,Fuerza/Joven
65,ligero,Salud/Movilidad,0,Híbrido
61,ligero,Salud/Movilidad,0,Híbrido
53,moderado,Fuerza/Hipertrofia,0,Fuerza/Joven
36,ligero,Salud/Movilidad,0,Híbrido
47,ligero,Fuerza/Hipertrofia,0,Fuerza/Joven
60,sedentario,Resistencia/Deporte,0,Híbrido
22,ligero,Resistencia/Deporte,0,Híbrido
22,ligero,Fuerza/Hipertrofia,0,Fuerza/Joven
50,ligero,Fuerza/Hipertrofia,0,Fuerza/Joven
34,sedentario,Fuerza/Hipertrofia,0,Fuerza/Joven
32,intenso,Fuerza/Hipertrofia,0,Fuerza/Joven
59,ligero,Fuerza/Hipertrofia,0,Fuerza/Joven
35,ligero,Fuerza/Hipertrofia,0,Fuerza/Joven
75,intenso,Salud/Movilidad,0,Híbrido
75,intenso,Rehabilitación,1,Rehabilitación
28,ligero,Rehabilitación,0,Híbrido
85,intenso,Salud/Movilidad,1,Adulto Mayor
33,ligero,Fuerza/Hipertrofia,0,Fuerza/Joven
48,moderado,Fuerza/Hipertrofia,0,Fuerza/Joven
43,moderado,Salud/Movilidad,0,Híbrido
64,sedentario,Salud/Movilidad,0,Híbrido
21,ligero,Resistencia/Deporte,0,Híbrido
68,moderado,Salud/Movilidad,0,Híbrido
55,ligero,Salud/Movilidad,0,Híbrido
71,ligero,Salud/Movilidad,0,Híbrido
43,ligero,Salud/Movilidad,0,Híbrido
72,sedentario,Rehabilitación,1,Rehabilitación
25,intenso,Salud/Movilidad,0,Híbrido
19,intenso,Resistencia/Deporte,0,Híbrido
78,sedentario,Salud/Movilidad,0,Adulto Mayor
21,intenso,Resistencia/Deporte,0,Híbrido
83,sedentario,Rehabilitación,1,Rehabilitación
54,moderado,Resistencia/Deporte,0,Híbrido
53,moderado,Fuerza/Hipertrofia,0,Fuerza/Joven
44,moderado,Rehabilitación,0,Híbrido
70,sedentario,Rehabilitación,1,Rehabilitación
35,moderado,Rehabilitación,1,Rehabilitación
36,moderado,Fuerza/Hipertrofia,0,Fuerza/Joven
59,intenso,Fuerza/Hipertrofia,0,Fuerza/Joven
44,moderado,Resistencia/Deporte,0,Híbrido
77,moderado,Rehabilitación,0,Híbrido
29,sedentario,Resistencia/Deporte,0,Híbrido
55,intenso,Rehabilitación,1,Rehabilitación
79,ligero,Salud/Movilidad,0,Híbrido
22,intenso,Salud/Movilidad,0,Híbrido
66,sedentario,Fuerza/Hipertrofia,0,Adulto Mayor
47,sedentario,Resistencia/Deporte,0,Híbrido
49,moderado,Rehabilitación,0,Híbrido
36,intenso,Salud/Movilidad,0,Híbrido
59,ligero,Resistencia/Deporte,0,Híbrido
28,sedentario,Fuerza/Hipertrofia,0,Fuerza/Joven
50,moderado,Fuerza/Hipertrofia,0,Fuerza/Joven
48,sedentario,Fuerza/Hipertrofia,0,Fuerza/Joven
69,sedentario,Salud/Movilidad,0,Adulto Mayor
61,moderado,Rehabilitación,1,Rehabilitación
48,ligero,Fuerza/Hipertrofia,0,Fuerza/Joven
36,sedentario,Resistencia/Deporte,0,Híbrido
38,moderado,Fuerza/Hipertrofia,0,Fuerza/Joven
41,intenso,Resistencia/Deporte,0,Híbrido
75,sedentario,Salud/Movilidad,0,Adulto Mayor
23,moderado,Resistencia/Deporte,0,Híbrido
81,sedentario,Salud/Movilidad,1,Adulto Mayor
75,moderado,Rehabilitación,1,Rehabilitación
23,ligero,Resistencia/Deporte,0,Híbrido
52,sedentario,Resistencia/Deporte,0,Híbrido
43,ligero,Resistencia/Deporte,0,Híbrido
70,ligero,Salud/Movilidad,0,Híbrido
51,sedentario,Salud/Movilidad,0,Híbrido
66,moderado,Rehabilitación,1,Rehabilitación
61,moderado,Rehabilitación,1,Rehabilitación
73,sedentario,Rehabilitación,0,Adulto Mayor
63,sedentario,Salud/Movilidad,0,Híbrido
62,moderado,Rehabilitación,0,Híbrido
42,sedentario,Resistencia/Deporte,0,Híbrido
42,moderado,Fuerza/Hipertrofia,0,Fuerza/Joven
63,sedentario,Salud/Movilidad,0,Híbrido
77,sedentario,Rehabilitación,1,Rehabilitación
49,sedentario,Fuerza/Hipertrofia,0,Fuerza/Joven
57,sedentario,Rehabilitación,1,Rehabilitación
47,sedentario,Resistencia/Deporte,0,Híbrido
52,moderado,Fuerza/Hipertrofia,0,Fuerza/Joven
76,ligero,Salud/Movilidad,1,Adulto Mayor
45,sedentario,Fuerza/Hipertrofia,0,Fuerza/Joven
52,ligero,Resistencia/Deporte,0,Híbrido
69,sedentario,Salud/Movilidad,0,Adulto Mayor
80,ligero,Rehabilitación,1,Rehabilitación
74,sedentario,Fuerza/Hipertrofia,0,Adulto Mayor
73,sedentario,Salud/Movilidad,0,Adulto Mayor
68,ligero,Salud/Movilidad,1,Adulto Mayor
22,sedentario,Fuerza/Hipertrofia,0,Fuerza/Joven
81,ligero,Salud/Movilidad,0,Híbrido
75,sedentario,Salud/Movilidad,0,Adulto Mayor
24,ligero,Fuerza/Hipertrofia,0,Fuerza/Joven
79,sedentario,Rehabilitación,1,Rehabilitación
23,moderado,Fuerza/Hipertrofia,0,Fuerza/Joven
34,moderado,Salud/Movilidad,0,Híbrido
77,sedentario,Salud/Movilidad,0,Adulto Mayor
31,ligero,Rehabilitación,0,Híbrido
69,sedentario,Salud/Movilidad,0,Adulto Mayor
50,moderado,Rehabilitación,1,Rehabilitación
44,ligero,Salud/Movilidad,0,Híbrido
35,ligero,Resistencia/Deporte,0,Híbrido
21,ligero,Resistencia/Deporte,0,Híbrido
38,sedentario,Salud/Movilidad,0,Híbrido
74,intenso,Rehabilitación,1,Rehabilitación
43,sedentario,Rehabilitación,1,Rehabilitación
62,sedentario,Rehabilitación,1,Rehabilitación
60,sedentario,Salud/Movilidad,1,Rehabilitación
19,intenso,Fuerza/Hipertrofia,0,Fuerza/Joven
47,ligero,Rehabilitación,1,Rehabilitación
68,sedentario,Salud/Movilidad,0,Adulto Mayor
54,moderado,Fuerza/Hipertrofia,0,Fuerza/Joven
38,sedentario,Resistencia/Deporte,0,Híbrido
70,ligero,Salud/Movilidad,0,Híbrido
34,ligero,Resistencia/Deporte,0,Híbrido
42,moderado,Fuerza/Hipertrofia,0,Fuerza/Joven
33,ligero,Salud/Movilidad,0,Híbrido
75,sedentario,Rehabilitación,1,Rehabilitación
74,moderado,Salud/Movilidad,0,Híbrido
22,intenso,Salud/Movilidad,0,Híbrido
53,sedentario,Resistencia/Deporte,0,Híbrido
35,ligero,Fuerza/Hipertrofia,0,Fuerza/Joven
40,ligero,Fuerza/Hipertrofia,0,Fuerza/Joven
29,moderado,Fuerza/Hipertrofia,0,Fuerza/Joven
22,sedentario,Salud/Movilidad,0,Híbrido
51,sedentario,Resistencia/Deporte,0,Híbrido
22,sedentario,Fuerza/Hipertrofia,0,Fuerza/Joven
49,moderado,Fuerza/Hipertrofia,0,Fuerza/Joven
72,ligero,Salud/Movilidad,1,Adulto Mayor
23,sedentario,Salud/Movilidad,0,Híbrido
29,moderado,Fuerza/Hipertrofia,0,Fuerza/Joven
76,ligero,Rehabilitación,0,Híbrido
64,moderado,Salud/Movilidad,0,Híbrido
43,moderado,Fuerza/Hipertrofia,0,Fuerza/Joven
54,moderado,Resistencia/Deporte,1,Rehabilitación
28,sedentario,Rehabilitación,0,Híbrido
72,ligero,Salud/Movilidad,0,Híbrido
34,intenso,Rehabilitación,1,Rehabilitación
42,sedentario,Resistencia/Deporte,0,Híbrido
71,sedentario,Salud/Movilidad,1,Adulto Mayor
40,moderado,Salud/Movilidad,1,Híbrido
20,sedentario,Salud/Movilidad,0,Híbrido
24,sedentario,Fuerza/Hipertrofia,0,Fuerza/Joven
83,sedentario,Rehabilitación,1,Rehabilitación
42,moderado,Fuerza/Hipertrofia,0,Fuerza/Joven
34,moderado,Resistencia/Deporte,0,Híbrido
30,sedentario,Resistencia/Deporte,0,Híbrido
50,ligero,Rehabilitación,0,Híbrido
33,sedentario,Salud/Movilidad,1,Rehabilitación
22,ligero,Fuerza/Hipertrofia,0,Fuerza/Joven
24,intenso,Salud/Movilidad,0,Híbrido
63,sedentario,Salud/Movilidad,0,Híbrido
42,intenso,Resistencia/Deporte,0,Híbrido
54,ligero,Rehabilitación,1,Rehabilitación
85,sedentario,Salud/Movilidad,0,Adulto Mayor
53,sedentario,Fuerza/Hipertrofia,0,Fuerza/Joven
78,ligero,Fuerza/Hipertrofia,0,Híbrido
38,moderado,Salud/Movilidad,0,Híbrido
36,intenso,Salud/Movilidad,0,Híbrido
36,ligero,Resistencia/Deporte,0,Híbrido
40,ligero,Rehabilitación,1,Rehabilitación
52,intenso,Rehabilitación,1,Rehabilitación
65,moderado,Salud/Movilidad,0,Híbrido
85,sedentario,Salud/Movilidad,1,Adulto Mayor
81,sedentario,Rehabilitación,1,Rehabilitación
51,intenso,Fuerza/Hipertrofia,0,Fuerza/Joven
60,moderado,Fuerza/Hipertrofia,0,Fuerza/Joven
35,moderado,Resistencia/Deporte,0,Híbrido
26,intenso,Fuerza/Hipertrofia,0,Fuerza/Joven
63,moderado,Salud/Movilidad,0,Híbrido
76,sedentario,Rehabilitación,1,Rehabilitación
51,sedentario,Salud/Movilidad,1,Rehabilitación
50,moderado,Rehabilitación,1,Rehabilitación
73,ligero,Salud/Movilidad,0,Híbrido
42,moderado,Salud/Movilidad,0,Híbrido
36,intenso,Salud/Movilidad,1,Rehabilitación
46,ligero,Fuerza/Hipertrofia,0,Fuerza/Joven
70,sedentario,Fuerza/Hipertrofia,0,Adulto Mayor
52,moderado,Rehabilitación,1,Rehabilitación
54,ligero,Fuerza/Hipertrofia,0,Fuerza/Joven
77,sedentario,Salud/Movilidad,1,Adulto Mayor
37,sedentario,Salud/Movilidad,0,Híbrido
74,sedentario,Rehabilitación,1,Rehabilitación
47,ligero,Fuerza/Hipertrofia,0,Fuerza/Joven
78,sedentario,Rehabilitación,0,Adulto Mayor
50,ligero,Fuerza/Hipertrofia,0,Fuerza/Joven
59,intenso,Fuerza/Hipertrofia,0,Fuerza/Joven
56,sedentario,Fuerza/Hipertrofia,0,Fuerza/Joven
23,ligero,Rehabilitación,1,Rehabilitación
46,sedentario,Resistencia/Deporte,0,Híbrido
46,sedentario,Resistencia/Deporte,0,Híbrido
24,moderado,Fuerza/Hipertrofia,0,Fuerza/Joven
62,moderado,Salud/Movilidad,0,Híbrido
75,sedentario,Salud/Movilidad,1,Adulto Mayor
18,sedentario,Fuerza/Hipertrofia,0,Fuerza/Joven
21,sedentario,Rehabilitación,0,Híbrido
73,sedentario,Rehabilitación,1,Rehabilitación
26,ligero,Fuerza/Hipertrofia,0,Fuerza/Joven
26,ligero,Resistencia/Deporte,0,Híbrido
20,ligero,Resistencia/Deporte,1,Híbrido
23,moderado,Salud/Movilidad,0,Híbrido
77,intenso,Salud/Movilidad,0,Híbrido
83,intenso,Rehabilitación,1,Rehabilitación
50,intenso,Resistencia/Deporte,0,Híbrido
85,ligero,Salud/Movilidad,1,Adulto Mayor
78,sedentario,Salud/Movilidad,0,Adulto Mayor
76,sedentario,Resistencia/Deporte,1,Adulto Mayor
60,moderado,Fuerza/Hipertrofia,0,Fuerza/Joven
48,ligero,Salud/Movilidad,0,Híbrido
79,moderado,Resistencia/Deporte,0,Híbrido
58,moderado,Fuerza/Hipertrofia,0,Fuerza/Joven
75,sedentario,Resistencia/Deporte,0,Adulto Mayor
56,ligero,Rehabilitación,0,Híbrido
50,sedentario,Salud/Movilidad,0,Híbrido
56,sedentario,Fuerza/Hipertrofia,0,Fuerza/Joven
20,ligero,Salud/Movilidad,0,Híbrido
55,ligero,Rehabilitación,1,Rehabilitación
70,sedentario,Salud/Movilidad,0,Adulto Mayor
81,sedentario,Salud/Movilidad,1,Adulto Mayor
80,sedentario,Salud/Movilidad,0,Adulto Mayor
21,ligero,Rehabilitación,0,Híbrido
66,sedentario,Salud/Movilidad,0,Adulto Mayor
32,sedentario,Fuerza/Hipertrofia,0,Fuerza/Joven
49,ligero,Salud/Movilidad,0,Híbrido
65,intenso,Fuerza/Hipertrofia,0,Híbrido
31,ligero,Fuerza/Hipertrofia,0,Fuerza/Joven
52,moderado,Resistencia/Deporte,0,Híbrido
39,ligero,Fuerza/Hipertrofia,0,Fuerza/Joven
56,moderado,Resistencia/Deporte,0,Híbrido
27,sedentario,Fuerza/Hipertrofia,0,Fuerza/Joven
40,moderado,Salud/Movilidad,0,Híbrido
45,ligero,Resistencia/Deporte,0,Híbrido
21,sedentario,Salud/Movilidad,0,Híbrido
77,ligero,Salud/Movilidad,1,Adulto Mayor
82,ligero,Rehabilitación,1,Rehabilitación
73,ligero,Rehabilitación,1,Rehabilitación
55,sedentario,Resistencia/Deporte,1,Rehabilitación
72,moderado,Rehabilitación,1,Rehabilitación
75,sedentario,Salud/Movilidad,0,Adulto Mayor
38,sedentario,Resistencia/Deporte,0,Híbrido
19,intenso,Fuerza/Hipertrofia,0,Fuerza/Joven
47,sedentario,Salud/Movilidad,0,Híbrido
81,sedentario,Salud/Movilidad,0,Adulto Mayor
37,ligero,Fuerza/Hipertrofia,0,Fuerza/Joven
50,sedentario,Fuerza/Hipertrofia,0,Fuerza/Joven
36,sedentario,Resistencia/Deporte,0,Híbrido
41,ligero,Resistencia/Deporte,0,Híbrido
33,ligero,Fuerza/Hipertrofia,0,Fuerza/Joven
70,sedentario,Salud/Movilidad,0,Adulto Mayor
32,intenso,Salud/Movilidad,0,Híbrido
27,moderado,Fuerza/Hipertrofia,0,Fuerza/Joven
82,ligero,Salud/Movilidad,1,Adulto Mayor
54,moderado,Fuerza/Hipertrofia,0,Fuerza/Joven
84,sedentario,Rehabilitación,0,Adulto Mayor
50,sedentario,Rehabilitación,1,Rehabilitación
44,sedentario,Fuerza/Hipertrofia,0,Fuerza/Joven
30,moderado,Fuerza/Hipertrofia,0,Fuerza/Joven
64,moderado,Salud/Movilidad,0,Híbrido
34,moderado,Fuerza/Hipertrofia,0,Fuerza/Joven
80,sedentario,Salud/Movilidad,0,Adulto Mayor
18,moderado,Fuerza/Hipertrofia,0,Fuerza/Joven
76,sedentario,Salud/Movilidad,1,Adulto Mayor
65,ligero,Rehabilitación,1,Rehabilitación
81,moderado,Rehabilitación,1,Rehabilitación
63,sedentario,Salud/Movilidad,1,Híbrido
81,sedentario,Resistencia/Deporte,1,Adulto Mayor
45,moderado,Fuerza/Hipertrofia,0,Fuerza/Joven
30,sedentario,Salud/Movilidad,0,Híbrido
74,sedentario,Rehabilitación,1,Rehabilitación
85,moderado,Salud/Movilidad,1,Adulto Mayor
59,sedentario,Salud/Movilidad,1,Híbrido
49,ligero,Resistencia/Deporte,0,Híbrido
54,moderado,Rehabilitación,1,Rehabilitación
59,ligero,Rehabilitación,1,Rehabilitación
46,ligero,Fuerza/Hipertrofia,0,Fuerza/Joven
61,sedentario,Salud/Movilidad,0,Híbrido
42,ligero,Fuerza/Hipertrofia,0,Fuerza/Joven
83,sedentario,Resistencia/Deporte,1,Adulto Mayor
24,moderado,Salud/Movilidad,1,Rehabilitación
38,moderado,Rehabilitación,1,Rehabilitación
64,ligero,Salud/Movilidad,0,Híbrido
46,sedentario,Fuerza/Hipertrofia,0,Fuerza/Joven
73,ligero,Salud/Movilidad,0,Híbrido
24,sedentario,Fuerza/Hipertrofia,0,Fuerza/Joven
77,sedentario,Salud/Movilidad,1,Adulto Mayor
23,sedentario,Salud/Movilidad,0,Híbrido
83,sedentario,Salud/Movilidad,0,Adulto Mayor
85,ligero,Salud/Movilidad,0,Híbrido
51,sedentario,Resistencia/Deporte,0,Híbrido
48,sedentario,Fuerza/Hipertrofia,0,Fuerza/Joven
74,sedentario,Salud/Movilidad,1,Adulto Mayor
51,moderado,Rehabilitación,1,Rehabilitación
34,ligero,Fuerza/Hipertrofia,0,Fuerza/Joven
33,sedentario,Fuerza/Hipertrofia,0,Fuerza/Joven
83,moderado,Rehabilitación,1,Rehabilitación
39,ligero,Fuerza/Hipertrofia,0,Fuerza/Joven
83,sedentario,Rehabilitación,1,Rehabilitación
81,sedentario,Salud/Movilidad,0,Adulto Mayor
69,sedentario,Salud/Movilidad,0,Adulto Mayor
82,sedentario,Rehabilitación,1,Rehabilitación
54,sedentario,Fuerza/Hipertrofia,0,Fuerza/Joven
60,moderado,Fuerza/Hipertrofia,0,Fuerza/Joven
76,moderado,Fuerza/Hipertrofia,0,Híbrido
66,moderado,Fuerza/Hipertrofia,0,Híbrido
31,ligero,Fuerza/Hipertrofia,0,Fuerza/Joven
59,sedentario,Fuerza/Hipertrofia,0,Fuerza/Joven
47,moderado,Fuerza/Hipertrofia,0,Fuerza/Joven
42,moderado,Resistencia/Deporte,0,Híbrido
85,sedentario,Fuerza/Hipertrofia,0,Adulto Mayor
22,moderado,Rehabilitación,1,Rehabilitación
59,ligero,Fuerza/Hipertrofia,0,Fuerza/Joven
30,moderado,Resistencia/Deporte,0,Híbrido
73,intenso,Rehabilitación,0,Híbrido
69,moderado,Salud/Movilidad,0,Híbrido
25,moderado,Resistencia/Deporte,0,Híbrido
48,moderado,Fuerza/Hipertrofia,0,Fuerza/Joven
37,sedentario,Salud/Movilidad,0,Híbrido
68,sedentario,Salud/Movilidad,0,Adulto Mayor
83,ligero,Salud/Movilidad,0,Híbrido
54,ligero,Fuerza/Hipertrofia,0,Fuerza/Joven
33,ligero,Fuerza/Hipertrofia,0,Fuerza/Joven
58,moderado,Rehabilitación,1,Rehabilitación
70,sedentario,Salud/Movilidad,0,Adulto Mayor
81,sedentario,Salud/Movilidad,1,Adulto Mayor
27,moderado,Fuerza/Hipertrofia,1,Híbrido
69,sedentario,Salud/Movilidad,0,Adulto Mayor
84,intenso,Rehabilitación,1,Rehabilitación
24,moderado,Fuerza/Hipertrofia,0,Fuerza/Joven
22,moderado,Salud/Movilidad,1,Rehabilitación
19,ligero,Fuerza/Hipertrofia,0,Fuerza/Joven
85,sedentario,Salud/Movilidad,0,Adulto Mayor
85,sedentario,Rehabilitación,1,Rehabilitación
23,ligero,Resistencia/Deporte,0,Híbrido
23,sedentario,Fuerza/Hipertrofia,0,Fuerza/Joven
80,intenso,Salud/Movilidad,0,Híbrido
51,ligero,Fuerza/Hipertrofia,0,Fuerza/Joven
30,ligero,Rehabilitación,1,Rehabilitación
42,intenso,Rehabilitación,1,Rehabilitación
81,intenso,Salud/Movilidad,1,Adulto Mayor
57,sedentario,Fuerza/Hipertrofia,0,Fuerza/Joven
49,ligero,Fuerza/Hipertrofia,0,Fuerza/Joven
74,ligero,Salud/Movilidad,1,Adulto Mayor
26,intenso,Salud/Movilidad,0,Híbrido
73,ligero,Rehabilitación,1,Rehabilitación
44,ligero,Fuerza/Hipertrofia,0,Fuerza/Joven
20,ligero,Rehabilitación,0,Híbrido
74,ligero,Rehabilitación,1,Rehabilitación
32,moderado,Fuerza/Hipertrofia,0,Fuerza/Joven
48,ligero,Rehabilitación,1,Rehabilitación
39,ligero,Resistencia/Deporte,0,Híbrido
34,sedentario,Fuerza/Hipertrofia,0,Fuerza/Joven
56,sedentario,Salud/Movilidad,1,Híbrido
75,sedentario,Rehabilitación,1,Rehabilitación
38,intenso,Fuerza/Hipertrofia,0,Fuerza/Joven
79,sedentario,Rehabilitación,1,Rehabilitación
82,sedentario,Rehabilitación,1,Rehabilitación
42,ligero,Fuerza/Hipertrofia,0,Fuerza/Joven
38,moderado,Fuerza/Hipertrofia,0,Fuerza/Joven
70,sedentario,Rehabilitación,1,Rehabilitación
56,ligero,Salud/Movilidad,0,Híbrido
64,sedentario,Salud/Movilidad,0,Híbrido
21,moderado,Resistencia/Deporte,0,Híbrido
46,intenso,Fuerza/Hipertrofia,0,Fuerza/Joven
31,intenso,Fuerza/Hipertrofia,0,Fuerza/Joven
82,moderado,Salud/Movilidad,0,Híbrido
20,ligero,Fuerza/Hipertrofia,0,Fuerza/Joven
22,sedentario,Salud/Movilidad,0,Híbrido
83,sedentario,Salud/Movilidad,0,Adulto Mayor
43,ligero,Resistencia/Deporte,0,Híbrido
83,sedentario,Rehabilitación,1,Rehabilitación
80,sedentario,Rehabilitación,1,Rehabilitación
76,moderado,Rehabilitación,1,Rehabilitación
85,sedentario,Salud/Movilidad,0,Adulto Mayor
45,sedentario,Fuerza/Hipertrofia,0,Fuerza/Joven
66,sedentario,Rehabilitación,1,Rehabilitación
75,ligero,Salud/Movilidad,0,Híbrido
64,sedentario,Rehabilitación,1,Rehabilitación
41,moderado,Resistencia/Deporte,0,Híbrido
72,sedentario,Salud/Movilidad,1,Adulto Mayor
26,intenso,Rehabilitación,0,Híbrido
21,ligero,Resistencia/Deporte,0,Híbrido
21,sedentario,Salud/Movilidad,0,Híbrido
72,sedentario,Rehabilitación,1,Rehabilitación
56,sedentario,Fuerza/Hipertrofia,0,Fuerza/Joven
30,moderado,Salud/Movilidad,0,Híbrido
37,moderado,Fuerza/Hipertrofia,0,Fuerza/Joven
65,sedentario,Rehabilitación,1,Rehabilitación
80,sedentario,Fuerza/Hipertrofia,0,Adulto Mayor
27,ligero,Fuerza/Hipertrofia,0,Fuerza/Joven
31,moderado,Salud/Movilidad,0,Híbrido
42,ligero,Fuerza/Hipertrofia,0,Fuerza/Joven
56,sedentario,Rehabilitación,1,Rehabilitación
30,moderado,Fuerza/Hipertrofia,0,Fuerza/Joven
81,sedentario,Salud/Movilidad,0,Adulto Mayor
42,sedentario,Resistencia/Deporte,0,Híbrido
50,sedentario,Salud/Movilidad,0,Híbrido
57,sedentario,Fuerza/Hipertrofia,0,Fuerza/Joven
76,moderado,Salud/Movilidad,0,Híbrido
35,moderado,Salud/Movilidad,0,Híbrido
72,sedentario,Fuerza/Hipertrofia,0,Adulto Mayor
54,ligero,Rehabilitación,1,Rehabilitación
54,moderado,Fuerza/Hipertrofia,0,Fuerza/Joven
61,ligero,Rehabilitación,1,Rehabilitación
52,moderado,Resistencia/Deporte,0,Híbrido
55,moderado,Fuerza/Hipertrofia,0,Fuerza/Joven
77,ligero,Salud/Movilidad,1,Adulto Mayor
19,intenso,Salud/Movilidad,0,Híbrido
42,ligero,Resistencia/Deporte,1,Rehabilitación
31,sedentario,Rehabilitación,1,Rehabilitación
76,sedentario,Salud/Movilidad,0,Adulto Mayor
81,sedentario,Salud/Movilidad,0,Adulto Mayor
67,ligero,Salud/Movilidad,0,Híbrido
77,ligero,Salud/Movilidad,1,Adulto Mayor
68,sedentario,Rehabilitación,1,Rehabilitación
44,ligero,Fuerza/Hipertrofia,0,Fuerza/Joven
23,sedentario,Resistencia/Deporte,0,Híbrido
63,intenso,Fuerza/Hipertrofia,1,Rehabilitación
61,ligero,Salud/Movilidad,0,Híbrido
41,moderado,Salud/Movilidad,0,Híbrido
58,moderado,Rehabilitación,1,Rehabilitación
53,ligero,Salud/Movilidad,0,Híbrido
79,moderado,Salud/Movilidad,0,Híbrido
22,sedentario,Fuerza/Hipertrofia,0,Fuerza/Joven
74,sedentario,Salud/Movilidad,0,Adulto Mayor
64,sedentario,Salud/Movilidad,0,Híbrido
52,moderado,Salud/Movilidad,1,Híbrido
42,ligero,Resistencia/Deporte,0,Híbrido
59,ligero,Fuerza/Hipertrofia,0,Fuerza/Joven
45,ligero,Fuerza/Hipertrofia,0,Fuerza/Joven
64,moderado,Salud/Movilidad,0,Híbrido
72,moderado,Fuerza/Hipertrofia,0,Híbrido
60,intenso,Rehabilitación,1,Rehabilitación
38,sedentario,Fuerza/Hipertrofia,0,Fuerza/Joven
59,moderado,Resistencia/Deporte,0,Híbrido
72,ligero,Rehabilitación,1,Rehabilitación
31,moderado,Resistencia/Deporte,0,Híbrido
30,moderado,Salud/Movilidad,0,Híbrido
42,sedentario,Fuerza/Hipertrofia,0,Fuerza/Joven
44,ligero,Fuerza/Hipertrofia,0,Fuerza/Joven
77,ligero,Fuerza/Hipertrofia,0,Híbrido
81,sedentario,Salud/Movilidad,0,Adulto Mayor
22,ligero,Salud/Movilidad,0,Híbrido
43,ligero,Fuerza/Hipertrofia,0,Fuerza/Joven
38,ligero,Fuerza/Hipertrofia,0,Fuerza/Joven
37,ligero,Resistencia/Deporte,0,Híbrido
31,sedentario,Fuerza/Hipertrofia,0,Fuerza/Joven
27,ligero,Fuerza/Hipertrofia,0,Fuerza/Joven
40,ligero,Resistencia/Deporte,0,Híbrido
61,moderado,Rehabilitación,1,Rehabilitación
30,moderado,Resistencia/Deporte,0,Híbrido
81,sedentario,Salud/Movilidad,1,Adulto Mayor
81,sedentario,Salud/Movilidad,0,Adulto Mayor
26,ligero,Salud/Movilidad,0,Híbrido
32,sedentario,Fuerza/Hipertrofia,0,Fuerza/Joven
35,sedentario,Fuerza/Hipertrofia,0,Fuerza/Joven
66,ligero,Salud/Movilidad,1,Adulto Mayor
72,sedentario,Salud/Movilidad,0,Adulto Mayor
57,intenso,Resistencia/Deporte,0,Híbrido
78,sedentario,Salud/Movilidad,0,Adulto Mayor
58,moderado,Salud/Movilidad,0,Híbrido
46,ligero,Fuerza/Hipertrofia,0,Fuerza/Joven
26,intenso,Fuerza/Hipertrofia,0,Fuerza/Joven
53,ligero,Resistencia/Deporte,0,Híbrido
41,ligero,Fuerza/Hipertrofia,0,Fuerza/Joven
49,moderado,Resistencia/Deporte,0,Híbrido
34,moderado,Fuerza/Hipertrofia,0,Fuerza/Joven
18,sedentario,Salud/Movilidad,0,Híbrido
66,sedentario,Salud/Movilidad,0,Adulto Mayor
65,sedentario,Salud/Movilidad,0,Adulto Mayor
70,intenso,Rehabilitación,0,Híbrido
51,moderado,Fuerza/Hipertrofia,0,Fuerza/Joven
27,ligero,Rehabilitación,1,Rehabilitación
26,moderado,Salud/Movilidad,0,Híbrido
78,sedentario,Salud/Movilidad,0,Adulto Mayor
38,moderado,Fuerza/Hipertrofia,0,Fuerza/Joven
61,ligero,Salud/Movilidad,0,Híbrido
30,moderado,Fuerza/Hipertrofia,0,Fuerza/Joven
73,sedentario,Rehabilitación,1,Rehabilitación
53,sedentario,Fuerza/Hipertrofia,0,Fuerza/Joven
49,sedentario,Fuerza/Hipertrofia,0,Fuerza/Joven
70,ligero,Salud/Movilidad,0,Híbrido
49,sedentario,Resistencia/Deporte,0,Híbrido
78,sedentario,Rehabilitación,1,Rehabilitación
85,sedentario,Salud/Movilidad,0,Adulto Mayor
34,sedentario,Resistencia/Deporte,0,Híbrido
19,sedentario,Rehabilitación,1,Rehabilitación
31,ligero,Resistencia/Deporte,0,Híbrido
47,ligero,Salud/Movilidad,0,Híbrido
34,sedentario,Salud/Movilidad,0,Híbrido
41,moderado,Salud/Movilidad,0,Híbrido
67,sedentario,Resistencia/Deporte,1,Adulto Mayor
61,moderado,Salud/Movilidad,0,Híbrido
64,sedentario,Salud/Movilidad,1,Rehabilitación
20,moderado,Fuerza/Hipertrofia,0,Fuerza/Joven
66,sedentario,Fuerza/Hipertrofia,1,Adulto Mayor
31,sedentario,Resistencia/Deporte,0,Híbrido
32,moderado,Resistencia/Deporte,0,Híbrido
46,sedentario,Fuerza/Hipertrofia,0,Fuerza/Joven
78,sedentario,Salud/Movilidad,0,Adulto Mayor
78,moderado,Salud/Movilidad,1,Adulto Mayor
50,ligero,Fuerza/Hipertrofia,1,Rehabilitación
70,ligero,Salud/Movilidad,1,Adulto Mayor
23,sedentario,Rehabilitación,0,Híbrido
36,sedentario,Fuerza/Hipertrofia,0,Fuerza/Joven
61,moderado,Salud/Movilidad,1,Rehabilitación
26,intenso,Fuerza/Hipertrofia,0,Fuerza/Joven
84,sedentario,Rehabilitación,1,Rehabilitación
35,moderado,Fuerza/Hipertrofia,0,Fuerza/Joven
75,sedentario,Rehabilitación,1,Rehabilitación
40,moderado,Fuerza/Hipertrofia,0,Fuerza/Joven
85,moderado,Salud/Movilidad,1,Adulto Mayor
27,sedentario,Fuerza/Hipertrofia,0,Fuerza/Joven
55,sedentario,Fuerza/Hipertrofia,0,Fuerza/Joven
45,intenso,Salud/Movilidad,1,Rehabilitación
50,moderado,Rehabilitación,1,Rehabilitación
66,intenso,Salud/Movilidad,0,Híbrido
74,ligero,Salud/Movilidad,0,Híbrido
67,sedentario,Salud/Movilidad,0,Adulto Mayor
18,ligero,Fuerza/Hipertrofia,0,Fuerza/Joven
25,ligero,Fuerza/Hipertrofia,0,Fuerza/Joven
71,sedentario,Salud/Movilidad,0,Adulto Mayor
85,ligero,Salud/Movilidad,0,Híbrido
30,moderado,Rehabilitación,1,Rehabilitación
72,sedentario,Rehabilitación,1,Rehabilitación
32,moderado,Resistencia/Deporte,0,Híbrido
80,moderado,Salud/Movilidad,0,Híbrido
26,ligero,Fuerza/Hipertrofia,0,Fuerza/Joven
81,ligero,Rehabilitación,1,Rehabilitación
64,ligero,Salud/Movilidad,1,Híbrido
43,moderado,Salud/Movilidad,0,Híbrido
47,ligero,Salud/Movilidad,0,Híbrido
27,sedentario,Fuerza/Hipertrofia,0,Fuerza/Joven
70,sedentario,Salud/Movilidad,0,Adulto Mayor
37,moderado,Salud/Movilidad,0,Híbrido
54,ligero,Salud/Movilidad,1,Rehabilitación
48,moderado,Fuerza/Hipertrofia,0,Fuerza/Joven
27,moderado,Rehabilitación,1,Rehabilitación
30,ligero,Rehabilitación,1,Rehabilitación
72,sedentario,Rehabilitación,1,Rehabilitación
74,intenso,Salud/Movilidad,0,Híbrido
61,moderado,Rehabilitación,1,Rehabilitación
77,intenso,Rehabilitación,1,Rehabilitación
39,sedentario,Resistencia/Deporte,0,Híbrido
42,sedentario,Rehabilitación,0,Híbrido
33,sedentario,Fuerza/Hipertrofia,0,Fuerza/Joven
55,sedentario,Rehabilitación,0,Híbrido
48,moderado,Fuerza/Hipertrofia,0,Fuerza/Joven
60,intenso,Salud/Movilidad,0,Híbrido
25,moderado,Fuerza/Hipertrofia,0,Fuerza/Joven
63,moderado,Salud/Movilidad,1,Híbrido
18,sedentario,Fuerza/Hipertrofia,0,Fuerza/Joven
31,moderado,Salud/Movilidad,0,Híbrido
53,moderado,Fuerza/Hipertrofia,0,Fuerza/Joven
20,moderado,Salud/Movilidad,0,Híbrido
25,ligero,Fuerza/Hipertrofia,0,Fuerza/Joven
67,sedentario,Rehabilitación,0,Adulto Mayor
27,ligero,Salud/Movilidad,0,Híbrido
49,intenso,Salud/Movilidad,0,Híbrido
35,ligero,Fuerza/Hipertrofia,0,Fuerza/Joven
51,moderado,Fuerza/Hipertrofia,0,Fuerza/Joven
63,moderado,Salud/Movilidad,0,Híbrido
23,sedentario,Fuerza/Hipertrofia,0,Fuerza/Joven
34,ligero,Rehabilitación,1,Rehabilitación
59,intenso,Fuerza/Hipertrofia,0,Fuerza/Joven
85,sedentario,Salud/Movilidad,0,Adulto Mayor
78,sedentario,Fuerza/Hipertrofia,0,Adulto Mayor
26,sedentario,Resistencia/Deporte,0,Híbrido
71,sedentario,Rehabilitación,0,Adulto Mayor
65,moderado,Salud/Movilidad,1,Adulto Mayor
20,intenso,Rehabilitación,1,Rehabilitación
60,sedentario,Fuerza/Hipertrofia,0,Fuerza/Joven
64,sedentario,Salud/Movilidad,0,Híbrido
23,moderado,Resistencia/Deporte,0,Híbrido
23,sedentario,Salud/Movilidad,0,Híbrido
85,moderado,Rehabilitación,1,Rehabilitación
34,sedentario,Salud/Movilidad,0,Híbrido
37,ligero,Fuerza/Hipertrofia,0,Fuerza/Joven
84,ligero,Rehabilitación,1,Rehabilitación
57,sedentario,Salud/Movilidad,1,Rehabilitación
51,ligero,Rehabilitación,1,Rehabilitación
38,ligero,Fuerza/Hipertrofia,0,Fuerza/Joven
35,sedentario,Fuerza/Hipertrofia,0,Fuerza/Joven
39,intenso,Fuerza/Hipertrofia,0,Fuerza/Joven
30,ligero,Fuerza/Hipertrofia,0,Fuerza/Joven
79,sedentario,Rehabilitación,1,Rehabilitación
43,sedentario,Rehabilitación,0,Híbrido
65,intenso,Rehabilitación,0,Híbrido
68,intenso,Salud/Movilidad,0,Híbrido
18,sedentario,Fuerza/Hipertrofia,0,Fuerza/Joven
76,intenso,Resistencia/Deporte,0,Híbrido
60,moderado,Rehabilitación,1,Rehabilitación
21,ligero,Fuerza/Hipertrofia,0,Fuerza/Joven
46,sedentario,Resistencia/Deporte,0,Híbrido
65,sedentario,Salud/Movilidad,0,Adulto Mayor
49,sedentario,Salud/Movilidad,0,Híbrido
59,intenso,Resistencia/Deporte,0,Híbrido
70,sedentario,Salud/Movilidad,0,Adulto Mayor
64,sedentario,Salud/Movilidad,0,Híbrido
44,moderado,Fuerza/Hipertrofia,0,Fuerza/Joven
40,ligero,Fuerza/Hipertrofia,0,Fuerza/Joven
29,moderado,Salud/Movilidad,0,Híbrido
18,sedentario,Fuerza/Hipertrofia,0,Fuerza/Joven
49,ligero,Salud/Movilidad,0,Híbrido
79,sedentario,Salud/Movilidad,0,Adulto Mayor
26,ligero,Salud/Movilidad,0,Híbrido
47,moderado,Rehabilitación,1,Rehabilitación
80,ligero,Salud/Movilidad,1,Adulto Mayor
69,sedentario,Salud/Movilidad,1,Adulto Mayor
28,moderado,Resistencia/Deporte,1,Rehabilitación
30,sedentario,Salud/Movilidad,0,Híbrido
35,ligero,Fuerza/Hipertrofia,0,Fuerza/Joven
23,ligero,Fuerza/Hipertrofia,0,Fuerza/Joven
56,ligero,Rehabilitación,1,Rehabilitación
51,intenso,Resistencia/Deporte,0,Híbrido
54,sedentario,Salud/Movilidad,1,Híbrido
59,moderado,Salud/Movilidad,1,Híbrido
61,moderado,Salud/Movilidad,0,Híbrido
77,sedentario,Salud/Movilidad,1,Adulto Mayor
28,ligero,Resistencia/Deporte,0,Híbrido
82,ligero,Rehabilitación,0,Híbrido
48,ligero,Fuerza/Hipertrofia,0,Fuerza/Joven
49,moderado,Fuerza/Hipertrofia,0,Fuerza/Joven
33,ligero,Fuerza/Hipertrofia,0,Fuerza/Joven
67,ligero,Salud/Movilidad,0,Híbrido
22,sedentario,Fuerza/Hipertrofia,0,Fuerza/Joven
59,ligero,Resistencia/Deporte,0,Híbrido
85,sedentario,Salud/Movilidad,0,Adulto Mayor
82,moderado,Salud/Movilidad,0,Híbrido
77,sedentario,Rehabilitación,1,Rehabilitación
56,sedentario,Fuerza/Hipertrofia,0,Fuerza/Joven
31,ligero,Fuerza/Hipertrofia,0,Fuerza/Joven
28,moderado,Fuerza/Hipertrofia,0,Fuerza/Joven
19,moderado,Fuerza/Hipertrofia,0,Fuerza/Joven
46,sedentario,Salud/Movilidad,0,Híbrido
27,moderado,Fuerza/Hipertrofia,0,Fuerza/Joven
73,intenso,Salud/Movilidad,0,Híbrido
44,sedentario,Resistencia/Deporte,0,Híbrido
73,sedentario,Fuerza/Hipertrofia,1,Adulto Mayor
21,ligero,Fuerza/Hipertrofia,0,Fuerza/Joven
76,sedentario,Salud/Movilidad,0,Adulto Mayor
47,sedentario,Rehabilitación,1,Rehabilitación
63,sedentario,Salud/Movilidad,1,Híbrido
82,moderado,Salud/Movilidad,0,Híbrido
57,ligero,Resistencia/Deporte,0,Híbrido
79,sedentario,Rehabilitación,1,Rehabilitación
63,ligero,Salud/Movilidad,0,Híbrido
82,sedentario,Salud/Movilidad,0,Adulto Mayor
44,ligero,Rehabilitación,1,Rehabilitación
27,sedentario,Salud/Movilidad,0,Híbrido
80,ligero,Rehabilitación,1,Rehabilitación
33,moderado,Salud/Movilidad,0,Híbrido
79,sedentario,Salud/Movilidad,0,Adulto Mayor
73,intenso,Salud/Movilidad,0,Híbrido
56,moderado,Fuerza/Hipertrofia,0,Fuerza/Joven
36,moderado,Rehabilitación,1,Rehabilitación
70,ligero,Salud/Movilidad,0,Híbrido
53,sedentario,Fuerza/Hipertrofia,1,Rehabilitación
62,ligero,Rehabilitación,1,Rehabilitación
46,sedentario,Fuerza/Hipertrofia,0,Fuerza/Joven
53,sedentario,Salud/Movilidad,1,Rehabilitación
52,ligero,Rehabilitación,1,Rehabilitación
27,sedentario,Salud/Movilidad,0,Híbrido
72,sedentario,Salud/Movilidad,0,Adulto Mayor
67,moderado,Salud/Movilidad,0,Híbrido
48,moderado,Fuerza/Hipertrofia,0,Fuerza/Joven
20,moderado,Resistencia/Deporte,0,Híbrido
35,ligero,Salud/Movilidad,0,Híbrido
39,moderado,Salud/Movilidad,0,Híbrido
68,sedentario,Salud/Movilidad,0,Adulto Mayor
61,ligero,Fuerza/Hipertrofia,0,Fuerza/Joven
64,ligero,Salud/Movilidad,0,Híbrido
42,sedentario,Rehabilitación,0,Híbrido
24,ligero,Salud/Movilidad,0,Híbrido
64,ligero,Salud/Movilidad,0,Híbrido
67,sedentario,Rehabilitación,1,Rehabilitación
23,moderado,Salud/Movilidad,0,Híbrido
21,sedentario,Fuerza/Hipertrofia,0,Fuerza/Joven
56,moderado,Fuerza/Hipertrofia,0,Fuerza/Joven
25,ligero,Rehabilitación,1,Rehabilitación
84,sedentario,Resistencia/Deporte,1,Adulto Mayor
58,ligero,Rehabilitación,0,Híbrido
20,ligero,Salud/Movilidad,0,Híbrido
56,moderado,Rehabilitación,0,Híbrido
73,ligero,Salud/Movilidad,1,Adulto Mayor
64,intenso,Rehabilitación,1,Rehabilitación
35,ligero,Fuerza/Hipertrofia,0,Fuerza/Joven
35,ligero,Fuerza/Hipertrofia,0,Fuerza/Joven
18,ligero,Fuerza/Hipertrofia,0,Fuerza/Joven
53,moderado,Resistencia/Deporte,0,Híbrido
63,intenso,Rehabilitación,1,Rehabilitación
82,sedentario,Salud/Movilidad,0,Adulto Mayor
60,moderado,Fuerza/Hipertrofia,0,Fuerza/Joven
35,ligero,Salud/Movilidad,0,Híbrido
84,sedentario,Salud/Movilidad,0,Adulto Mayor
32,moderado,Fuerza/Hipertrofia,0,Fuerza/Joven
42,moderado,Salud/Movilidad,0,Híbrido
74,ligero,Fuerza/Hipertrofia,0,Híbrido
46,moderado,Salud/Movilidad,0,Híbrido
66,sedentario,Salud/Movilidad,0,Adulto Mayor
47,moderado,Fuerza/Hipertrofia,0,Fuerza/Joven
53,intenso,Resistencia/Deporte,0,Híbrido
70,moderado,Rehabilitación,1,Rehabilitación
65,ligero,Rehabilitación,1,Rehabilitación
81,sedentario,Rehabilitación,1,Rehabilitación
72,sedentario,Salud/Movilidad,0,Adulto Mayor
71,sedentario,Salud/Movilidad,0,Adulto Mayor
53,moderado,Rehabilitación,1,Rehabilitación
82,sedentario,Salud/Movilidad,1,Adulto Mayor
68,sedentario,Salud/Movilidad,0,Adulto Mayor
72,sedentario,Rehabilitación,1,Rehabilitación
84,sedentario,Salud/Movilidad,0,Adulto Mayor
50,ligero,Fuerza/Hipertrofia,1,Rehabilitación
51,sedentario,Salud/Movilidad,0,Híbrido
78,moderado,Resistencia/Deporte,0,Híbrido
71,sedentario,Salud/Movilidad,0,Adulto Mayor
84,ligero,Rehabilitación,1,Rehabilitación
56,ligero,Fuerza/Hipertrofia,0,Fuerza/Joven
34,sedentario,Fuerza/Hipertrofia,0,Fuerza/Joven
85,intenso,Salud/Movilidad,0,Híbrido
36,ligero,Fuerza/Hipertrofia,0,Fuerza/Joven
35,sedentario,Fuerza/Hipertrofia,0,Fuerza/Joven
70,sedentario,Rehabilitación,0,Adulto Mayor
65,ligero,Rehabilitación,1,Rehabilitación
45,moderado,Fuerza/Hipertrofia,0,Fuerza/Joven
25,sedentario,Fuerza/Hipertrofia,0,Fuerza/Joven
18,sedentario,Fuerza/Hipertrofia,0,Fuerza/Joven
23,moderado,Resistencia/Deporte,0,Híbrido
53,ligero,Resistencia/Deporte,0,Híbrido
39,moderado,Resistencia/Deporte,0,Híbrido
60,ligero,Rehabilitación,1,Rehabilitación
25,ligero,Resistencia/Deporte,0,Híbrido
31,moderado,Fuerza/Hipertrofia,0,Fuerza/Joven
54,ligero,Fuerza/Hipertrofia,0,Fuerza/Joven
49,moderado,Fuerza/Hipertrofia,0,Fuerza/Joven
28,sedentario,Fuerza/Hipertrofia,0,Fuerza/Joven
75,sedentario,Rehabilitación,0,Adulto Mayor
20,moderado,Fuerza/Hipertrofia,0,Fuerza/Joven
83,sedentario,Rehabilitación,1,Rehabilitación
37,moderado,Resistencia/Deporte,1,Rehabilitación
57,intenso,Salud/Movilidad,0,Híbrido
43,moderado,Salud/Movilidad,0,Híbrido
82,sedentario,Fuerza/Hipertrofia,0,Adulto Mayor
22,moderado,Salud/Movilidad,0,Híbrido
85,ligero,Salud/Movilidad,0,Híbrido
76,sedentario,Fuerza/Hipertrofia,0,Adulto Mayor
20,sedentario,Fuerza/Hipertrofia,0,Fuerza/Joven
58,sedentario,Rehabilitación,1,Rehabilitación
50,moderado,Salud/Movilidad,0,Híbrido
26,moderado,Rehabilitación,1,Rehabilitación
23,moderado,Resistencia/Deporte,0,Híbrido
70,sedentario,Resistencia/Deporte,1,Adulto Mayor
85,sedentario,Salud/Movilidad,0,Adulto Mayor
39,moderado,Fuerza/Hipertrofia,0,Fuerza/Joven
72,sedentario,Salud/Movilidad,1,Adulto Mayor
46,ligero,Rehabilitación,0,Híbrido
77,ligero,Salud/Movilidad,0,Híbrido
25,ligero,Rehabilitación,1,Rehabilitación
64,sedentario,Salud/Movilidad,1,Rehabilitación
47,moderado,Fuerza/Hipertrofia,0,Fuerza/Joven
56,moderado,Fuerza/Hipertrofia,0,Fuerza/Joven
21,moderado,Resistencia/Deporte,0,Híbrido
45,ligero,Resistencia/Deporte,0,Híbrido
39,intenso,Fuerza/Hipertrofia,0,Fuerza/Joven
80,ligero,Fuerza/Hipertrofia,0,Híbrido
21,moderado,Resistencia/Deporte,0,Híbrido
20,intenso,Fuerza/Hipertrofia,0,Fuerza/Joven
70,moderado,Rehabilitación,1,Rehabilitación
81,sedentario,Rehabilitación,0,Adulto Mayor
18,ligero,Resistencia/Deporte,0,Híbrido
79,intenso,Salud/Movilidad,0,Híbrido
21,moderado,Fuerza/Hipertrofia,0,Fuerza/Joven
43,moderado,Rehabilitación,0,Híbrido
82,sedentario,Rehabilitación,0,Adulto Mayor
44,moderado,Resistencia/Deporte,0,Híbrido
27,ligero,Fuerza/Hipertrofia,0,Fuerza/Joven
46,ligero,Resistencia/Deporte,0,Híbrido
82,intenso,Salud/Movilidad,0,Híbrido
83,sedentario,Rehabilitación,1,Rehabilitación
80,ligero,Salud/Movilidad,1,Adulto Mayor
69,sedentario,Salud/Movilidad,0,Adulto Mayor
25,moderado,Salud/Movilidad,0,Híbrido
20,moderado,Salud/Movilidad,0,Híbrido
20,ligero,Rehabilitación,0,Híbrido
30,ligero,Salud/Movilidad,0,Híbrido
51,moderado,Fuerza/Hipertrofia,0,Fuerza/Joven
61,moderado,Rehabilitación,1,Rehabilitación
49,sedentario,Salud/Movilidad,0,Híbrido
38,ligero,Salud/Movilidad,1,Rehabilitación
53,moderado,Salud/Movilidad,1,Rehabilitación
67,sedentario,Salud/Movilidad,0,Adulto Mayor
48,moderado,Fuerza/Hipertrofia,0,Fuerza/Joven
28,intenso,Fuerza/Hipertrofia,0,Fuerza/Joven
31,ligero,Salud/Movilidad,0,Híbrido
72,sedentario,Rehabilitación,1,Rehabilitación
27,ligero,Resistencia/Deporte,0,Híbrido
40,ligero,Fuerza/Hipertrofia,0,Fuerza/Joven
54,sedentario,Resistencia/Deporte,0,Híbrido
19,sedentario,Fuerza/Hipertrofia,0,Fuerza/Joven
19,sedentario,Fuerza/Hipertrofia,0,Fuerza/Joven
61,moderado,Salud/Movilidad,0,Híbrido
58,sedentario,Fuerza/Hipertrofia,0,Fuerza/Joven
29,intenso,Resistencia/Deporte,0,Híbrido
66,moderado,Salud/Movilidad,0,Híbrido
75,moderado,Salud/Movilidad,0,Híbrido
45,moderado,Resistencia/Deporte,0,Híbrido
51,ligero,Fuerza/Hipertrofia,0,Fuerza/Joven
41,moderado,Fuerza/Hipertrofia,0,Fuerza/Joven
45,ligero,Fuerza/Hipertrofia,0,Fuerza/Joven
82,sedentario,Salud/Movilidad,0,Adulto Mayor
77,sedentario,Salud/Movilidad,0,Adulto Mayor
63,ligero,Salud/Movilidad,1,Híbrido
36,moderado,Rehabilitación,0,Híbrido
71,intenso,Salud/Movilidad,0,Híbrido
71,moderado,Salud/Movilidad,1,Adulto Mayor
23,ligero,Fuerza/Hipertrofia,0,Fuerza/Joven
63,sedentario,Rehabilitación,1,Rehabilitación
73,sedentario,Salud/Movilidad,0,Adulto Mayor
65,sedentario,Salud/Movilidad,0,Adulto Mayor
80,ligero,Rehabilitación,1,Rehabilitación
42,ligero,Fuerza/Hipertrofia,0,Fuerza/Joven
81,sedentario,Salud/Movilidad,0,Adulto Mayor
28,sedentario,Fuerza/Hipertrofia,0,Fuerza/Joven
66,sedentario,Salud/Movilidad,0,Adulto Mayor
44,moderado,Resistencia/Deporte,0,Híbrido
31,sedentario,Fuerza/Hipertrofia,0,Fuerza/Joven
57,intenso,Resistencia/Deporte,0,Híbrido
66,sedentario,Salud/Movilidad,0,Adulto Mayor
26,moderado,Rehabilitación,0,Híbrido
45,sedentario,Fuerza/Hipertrofia,0,Fuerza/Joven
51,moderado,Resistencia/Deporte,0,Híbrido
83,sedentario,Fuerza/Hipertrofia,1,Adulto Mayor
82,sedentario,Salud/Movilidad,0,Adulto Mayor
78,sedentario,Salud/Movilidad,0,Adulto Mayor
82,moderado,Salud/Movilidad,0,Híbrido
65,moderado,Salud/Movilidad,0,Híbrido
66,sedentario,Salud/Movilidad,0,Adulto Mayor
82,ligero,Salud/Movilidad,1,Adulto Mayor
32,moderado,Rehabilitación,0,Híbrido
71,intenso,Salud/Movilidad,0,Híbrido
19,ligero,Resistencia/Deporte,0,Híbrido
72,ligero,Rehabilitación,1,Rehabilitación
59,ligero,Resistencia/Deporte,0,Híbrido
24,sedentario,Resistencia/Deporte,0,Híbrido
28,ligero,Rehabilitación,0,Híbrido
66,sedentario,Salud/Movilidad,0,Adulto Mayor
73,sedentario,Salud/Movilidad,0,Adulto Mayor
66,moderado,Rehabilitación,1,Rehabilitación
28,moderado,Fuerza/Hipertrofia,0,Fuerza/Joven
45,ligero,Fuerza/Hipertrofia,0,Fuerza/Joven
59,moderado,Fuerza/Hipertrofia,0,Fuerza/Joven
58,moderado,Fuerza/Hipertrofia,0,Fuerza/Joven
70,moderado,Salud/Movilidad,0,Híbrido
31,moderado,Fuerza/Hipertrofia,0,Fuerza/Joven
66,moderado,Salud/Movilidad,0,Híbrido
82,ligero,Salud/Movilidad,0,Híbrido
68,moderado,Resistencia/Deporte,1,Adulto Mayor
83,sedentario,Salud/Movilidad,0,Adulto Mayor
64,intenso,Salud/Movilidad,0,Híbrido
48,intenso,Fuerza/Hipertrofia,0,Fuerza/Joven
47,moderado,Resistencia/Deporte,0,Híbrido
80,sedentario,Salud/Movilidad,1,Adulto Mayor
38,moderado,Fuerza/Hipertrofia,0,Fuerza/Joven
63,intenso,Rehabilitación,1,Rehabilitación
31,ligero,Fuerza/Hipertrofia,0,Fuerza/Joven
43,moderado,Fuerza/Hipertrofia,0,Fuerza/Joven
64,moderado,Salud/Movilidad,0,Híbrido
61,ligero,Rehabilitación,0,Híbrido
70,sedentario,Resistencia/Deporte,1,Adulto Mayor
83,intenso,Salud/Movilidad,0,Híbrido
74,ligero,Rehabilitación,1,Rehabilitación
39,ligero,Resistencia/Deporte,0,Híbrido
84,ligero,Salud/Movilidad,0,Híbrido
48,moderado,Fuerza/Hipertrofia,0,Fuerza/Joven
59,intenso,Fuerza/Hipertrofia,0,Fuerza/Joven
53,sedentario,Resistencia/Deporte,0,Híbrido
55,moderado,Rehabilitación,1,Rehabilitación
33,moderado,Fuerza/Hipertrofia,0,Fuerza/Joven
44,sedentario,Fuerza/Hipertrofia,0,Fuerza/Joven
85,intenso,Rehabilitación,0,Híbrido
34,sedentario,Salud/Movilidad,0,Híbrido
19,ligero,Resistencia/Deporte,0,Híbrido
24,ligero,Resistencia/Deporte,0,Híbrido
53,ligero,Fuerza/Hipertrofia,0,Fuerza/Joven
56,moderado,Resistencia/Deporte,0,Híbrido
81,intenso,Rehabilitación,1,Rehabilitación
35,moderado,Fuerza/Hipertrofia,0,Fuerza/Joven
83,intenso,Salud/Movilidad,0,Híbrido
19,sedentario,Salud/Movilidad,1,Rehabilitación
48,moderado,Salud/Movilidad,1,Híbrido
48,moderado,Resistencia/Deporte,0,Híbrido
75,sedentario,Rehabilitación,1,Rehabilitación
60,ligero,Rehabilitación,1,Rehabilitación
18,ligero,Fuerza/Hipertrofia,0,Fuerza/Joven
22,moderado,Fuerza/Hipertrofia,0,Fuerza/Joven
32,moderado,Fuerza/Hipertrofia,0,Fuerza/Joven
81,sedentario,Salud/Movilidad,0,Adulto Mayor
61,ligero,Rehabilitación,1,Rehabilitación
80,ligero,Salud/Movilidad,1,Adulto Mayor
74,ligero,Rehabilitación,0,Híbrido
68,intenso,Salud/Movilidad,1,Adulto Mayor
28,ligero,Rehabilitación,0,Híbrido
52,ligero,Fuerza/Hipertrofia,0,Fuerza/Joven
33,ligero,Resistencia/Deporte,0,Híbrido
50,moderado,Salud/Movilidad,0,Híbrido
82,sedentario,Salud/Movilidad,0,Adulto Mayor
76,sedentario,Fuerza/Hipertrofia,0,Adulto Mayor
78,ligero,Salud/Movilidad,0,Híbrido
85,sedentario,Salud/Movilidad,0,Adulto Mayor
42,sedentario,Resistencia/Deporte,0,Híbrido
80,ligero,Salud/Movilidad,0,Híbrido
64,moderado,Salud/Movilidad,0,Híbrido
78,sedentario,Salud/Movilidad,1,Adulto Mayor
59,ligero,Fuerza/Hipertrofia,0,Fuerza/Joven
32,moderado,Resistencia/Deporte,0,Híbrido
30,ligero,Fuerza/Hipertrofia,0,Fuerza/Joven
35,ligero,Fuerza/Hipertrofia,0,Fuerza/Joven
65,ligero,Salud/Movilidad,0,Híbrido
50,moderado,Fuerza/Hipertrofia,0,Fuerza/Joven
29,ligero,Salud/Movilidad,0,Híbrido
66,moderado,Salud/Movilidad,0,Híbrido
24,moderado,Salud/Movilidad,0,Híbrido
63,sedentario,Rehabilitación,1,Rehabilitación
83,intenso,Salud/Movilidad,0,Híbrido
64,moderado,Salud/Movilidad,0,Híbrido
49,sedentario,Fuerza/Hipertrofia,0,Fuerza/Joven
53,ligero,Fuerza/Hipertrofia,0,Fuerza/Joven
76,sedentario,Rehabilitación,1,Rehabilitación
43,moderado,Fuerza/Hipertrofia,0,Fuerza/Joven
27,sedentario,Resistencia/Deporte,0,Híbrido
34,sedentario,Fuerza/Hipertrofia,0,Fuerza/Joven
48,moderado,Resistencia/Deporte,0,Híbrido
50,ligero,Fuerza/Hipertrofia,0,Fuerza/Joven
75,sedentario,Salud/Movilidad,1,Adulto Mayor
20,ligero,Resistencia/Deporte,1,Rehabilitación
48,moderado,Fuerza/Hipertrofia,0,Fuerza/Joven
76,ligero,Rehabilitación,1,Rehabilitación
46,intenso,Fuerza/Hipertrofia,0,Fuerza/Joven
20,sedentario,Fuerza/Hipertrofia,0,Fuerza/Joven
84,moderado,Salud/Movilidad,0,Híbrido
35,moderado,Resistencia/Deporte,0,Híbrido
77,ligero,Rehabilitación,1,Rehabilitación
71,sedentario,Rehabilitación,1,Rehabilitación
73,intenso,Rehabilitación,1,Rehabilitación
79,sedentario,Fuerza/Hipertrofia,0,Adulto Mayor
82,sedentario,Rehabilitación,1,Rehabilitación
64,intenso,Salud/Movilidad,1,Rehabilitación
85,moderado,Rehabilitación,1,Rehabilitación
24,sedentario,Resistencia/Deporte,0,Híbrido
62,sedentario,Rehabilitación,1,Rehabilitación
60,intenso,Rehabilitación,1,Rehabilitación
66,ligero,Rehabilitación,0,Híbrido
56,ligero,Salud/Movilidad,0,Híbrido
34,sedentario,Salud/Movilidad,0,Híbrido
83,ligero,Salud/Movilidad,0,Híbrido
75,sedentario,Salud/Movilidad,0,Adulto Mayor
18,ligero,Salud/Movilidad,0,Híbrido
22,moderado,Fuerza/Hipertrofia,0,Fuerza/Joven
36,ligero,Fuerza/Hipertrofia,0,Fuerza/Joven
25,sedentario,Rehabilitación,1,Rehabilitación
18,intenso,Fuerza/Hipertrofia,0,Fuerza/Joven
32,ligero,Fuerza/Hipertrofia,0,Fuerza/Joven
82,moderado,Salud/Movilidad,0,Híbrido
54,sedentario,Rehabilitación,0,Híbrido
30,moderado,Fuerza/Hipertrofia,0,Fuerza/Joven
70,sedentario,Salud/Movilidad,0,Adulto Mayor
28,moderado,Fuerza/Hipertrofia,0,Fuerza/Joven
23,moderado,Resistencia/Deporte,0,Híbrido
39,moderado,Fuerza/Hipertrofia,0,Fuerza/Joven
63,intenso,Salud/Movilidad,1,Rehabilitación
60,ligero,Rehabilitación,1,Rehabilitación
42,moderado,Salud/Movilidad,0,Híbrido
47,sedentario,Resistencia/Deporte,1,Rehabilitación
61,moderado,Salud/Movilidad,0,Híbrido
48,moderado,Rehabilitación,1,Rehabilitación
71,sedentario,Salud/Movilidad,0,Adulto Mayor
84,sedentario,Salud/Movilidad,1,Adulto Mayor
33,intenso,Fuerza/Hipertrofia,0,Fuerza/Joven
69,sedentario,Fuerza/Hipertrofia,1,Adulto Mayor
35,moderado,Rehabilitación,1,Rehabilitación
52,ligero,Fuerza/Hipertrofia,0,Fuerza/Joven
20,moderado,Fuerza/Hipertrofia,0,Fuerza/Joven
80,intenso,Salud/Movilidad,0,Híbrido
72,moderado,Fuerza/Hipertrofia,1,Adulto Mayor
34,ligero,Salud/Movilidad,0,Híbrido
55,ligero,Resistencia/Deporte,0,Híbrido
78,sedentario,Salud/Movilidad,0,Adulto Mayor
36,sedentario,Salud/Movilidad,1,Rehabilitación
18,sedentario,Rehabilitación,1,Rehabilitación
24,sedentario,Fuerza/Hipertrofia,0,Fuerza/Joven
85,ligero,Salud/Movilidad,1,Adulto Mayor
40,sedentario,Fuerza/Hipertrofia,0,Fuerza/Joven
82,sedentario,Salud/Movilidad,0,Adulto Mayor
56,intenso,Resistencia/Deporte,0,Híbrido
46,sedentario,Fuerza/Hipertrofia,0,Fuerza/Joven
21,ligero,Fuerza/Hipertrofia,0,Fuerza/Joven
28,ligero,Resistencia/Deporte,0,Híbrido
55,intenso,Fuerza/Hipertrofia,0,Fuerza/Joven
29,ligero,Rehabilitación,0,Híbrido
79,sedentario,Rehabilitación,1,Rehabilitación
39,moderado,Fuerza/Hipertrofia,0,Fuerza/Joven
66,moderado,Salud/Movilidad,0,Híbrido
27,ligero,Fuerza/Hipertrofia,0,Fuerza/Joven
66,sedentario,Salud/Movilidad,0,Adulto Mayor
76,sedentario,Resistencia/Deporte,0,Adulto Mayor
54,sedentario,Fuerza/Hipertrofia,0,Fuerza/Joven
74,ligero,Fuerza/Hipertrofia,1,Adulto Mayor
85,ligero,Rehabilitación,1,Rehabilitación
78,sedentario,Salud/Movilidad,0,Adulto Mayor
26,sedentario,Fuerza/Hipertrofia,0,Fuerza/Joven
33,ligero,Fuerza/Hipertrofia,0,Fuerza/Joven
61,sedentario,Salud/Movilidad,0,Híbrido
75,sedentario,Salud/Movilidad,0,Adulto Mayor
60,moderado,Fuerza/Hipertrofia,0,Fuerza/Joven
75,sedentario,Salud/Movilidad,0,Adulto Mayor
29,ligero,Fuerza/Hipertrofia,0,Fuerza/Joven
78,sedentario,Resistencia/Deporte,1,Adulto Mayor
61,ligero,Rehabilitación,1,Rehabilitación
26,sedentario,Resistencia/Deporte,0,Híbrido
68,sedentario,Salud/Movilidad,0,Adulto Mayor
79,intenso,Rehabilitación,1,Rehabilitación
20,sedentario,Fuerza/Hipertrofia,0,Fuerza/Joven
37,sedentario,Fuerza/Hipertrofia,0,Fuerza/Joven
57,intenso,Rehabilitación,1,Rehabilitación
47,moderado,Salud/Movilidad,1,Híbrido
39,sedentario,Fuerza/Hipertrofia,0,Fuerza/Joven
70,sedentario,Salud/Movilidad,0,Adulto Mayor
79,sedentario,Salud/Movilidad,0,Adulto Mayor
60,sedentario,Salud/Movilidad,1,Híbrido
39,ligero,Fuerza/Hipertrofia,0,Fuerza/Joven
73,intenso,Salud/Movilidad,0,Híbrido
22,ligero,Fuerza/Hipertrofia,0,Fuerza/Joven
71,sedentario,Salud/Movilidad,0,Adulto Mayor
54,intenso,Rehabilitación,1,Rehabilitación
37,moderado,Salud/Movilidad,0,Híbrido
74,sedentario,Salud/Movilidad,0,Adulto Mayor
44,moderado,Resistencia/Deporte,0,Híbrido
61,ligero,Salud/Movilidad,0,Híbrido
68,sedentario,Salud/Movilidad,0,Adulto Mayor
84,sedentario,Salud/Movilidad,0,Adulto Mayor
41,sedentario,Salud/Movilidad,1,Rehabilitación
51,moderado,Salud/Movilidad,1,Híbrido
66,intenso,Salud/Movilidad,0,Híbrido
73,sedentario,Rehabilitación,1,Rehabilitación
38,moderado,Fuerza/Hipertrofia,0,Fuerza/Joven
37,sedentario,Salud/Movilidad,0,Híbrido
84,moderado,Salud/Movilidad,1,Adulto Mayor
78,sedentario,Rehabilitación,1,Rehabilitación
49,moderado,Fuerza/Hipertrofia,0,Fuerza/Joven
54,intenso,Salud/Movilidad,1,Rehabilitación
36,intenso,Rehabilitación,1,Rehabilitación
67,sedentario,Salud/Movilidad,0,Adulto Mayor
72,sedentario,Rehabilitación,0,Adulto Mayor
54,sedentario,Rehabilitación,1,Rehabilitación
38,intenso,Fuerza/Hipertrofia,0,Fuerza/Joven
68,sedentario,Salud/Movilidad,0,Adulto Mayor
30,moderado,Rehabilitación,1,Rehabilitación
78,sedentario,Salud/Movilidad,0,Adulto Mayor
81,sedentario,Rehabilitación,1,Rehabilitación
55,ligero,Salud/Movilidad,0,Híbrido
21,sedentario,Resistencia/Deporte,0,Híbrido
50,ligero,Resistencia/Deporte,0,Híbrido
77,ligero,Rehabilitación,1,Rehabilitación
81,intenso,Rehabilitación,1,Rehabilitación
52,moderado,Salud/Movilidad,0,Híbrido
72,sedentario,Rehabilitación,0,Adulto Mayor
27,ligero,Fuerza/Hipertrofia,0,Fuerza/Joven
62,sedentario,Rehabilitación,0,Híbrido
82,sedentario,Salud/Movilidad,0,Adulto Mayor
48,sedentario,Fuerza/Hipertrofia,0,Fuerza/Joven
67,ligero,Resistencia/Deporte,0,Híbrido
76,sedentario,Rehabilitación,1,Rehabilitación
23,ligero,Rehabilitación,0,Híbrido
56,ligero,Salud/Movilidad,1,Rehabilitación
18,moderado,Salud/Movilidad,0,Híbrido
28,sedentario,Salud/Movilidad,0,Híbrido
58,intenso,Resistencia/Deporte,0,Híbrido
54,intenso,Fuerza/Hipertrofia,0,Fuerza/Joven
36,moderado,Resistencia/Deporte,0,Híbrido
62,intenso,Resistencia/Deporte,1,Híbrido
56,moderado,Fuerza/Hipertrofia,0,Fuerza/Joven
37,moderado,Fuerza/Hipertrofia,0,Fuerza/Joven
24,sedentario,Rehabilitación,1,Rehabilitación
38,ligero,Rehabilitación,1,Rehabilitación
36,sedentario,Fuerza/Hipertrofia,0,Fuerza/Joven
65,sedentario,Rehabilitación,0,Adulto Mayor
64,ligero,Salud/Movilidad,0,Híbrido
47,ligero,Fuerza/Hipertrofia,0,Fuerza/Joven
46,ligero,Resistencia/Deporte,1,Rehabilitación
71,sedentario,Rehabilitación,1,Rehabilitación
74,ligero,Salud/Movilidad,1,Adulto Mayor
42,moderado,Salud/Movilidad,0,Híbrido
50,moderado,Fuerza/Hipertrofia,0,Fuerza/Joven
81,sedentario,Rehabilitación,1,Rehabilitación
44,ligero,Rehabilitación,1,Rehabilitación
32,ligero,Resistencia/Deporte,0,Híbrido
35,ligero,Fuerza/Hipertrofia,0,Fuerza/Joven
63,ligero,Rehabilitación,1,Rehabilitación
48,moderado,Resistencia/Deporte,0,Híbrido
46,ligero,Resistencia/Deporte,0,Híbrido
53,moderado,Salud/Movilidad,1,Híbrido
71,sedentario,Rehabilitación,0,Adulto Mayor
47,sedentario,Fuerza/Hipertrofia,0,Fuerza/Joven
32,sedentario,Fuerza/Hipertrofia,0,Fuerza/Joven
37,ligero,Resistencia/Deporte,0,Híbrido
65,sedentario,Salud/Movilidad,0,Adulto Mayor
21,moderado,Fuerza/Hipertrofia,0,Fuerza/Joven
24,ligero,Resistencia/Deporte,0,Híbrido
66,sedentario,Salud/Movilidad,0,Adulto Mayor
68,sedentario,Rehabilitación,0,Adulto Mayor
85,ligero,Salud/Movilidad,0,Híbrido
55,sedentario,Rehabilitación,0,Híbrido
67,sedentario,Salud/Movilidad,0,Adulto Mayor
63,intenso,Salud/Movilidad,0,Híbrido
44,intenso,Resistencia/Deporte,0,Híbrido
58,sedentario,Salud/Movilidad,0,Híbrido
37,moderado,Fuerza/Hipertrofia,0,Fuerza/Joven
43,sedentario,Fuerza/Hipertrofia,0,Fuerza/Joven
41,moderado,Resistencia/Deporte,0,Híbrido
84,ligero,Salud/Movilidad,1,Adulto Mayor
53,moderado,Fuerza/Hipertrofia,0,Fuerza/Joven
42,sedentario,Fuerza/Hipertrofia,0,Fuerza/Joven
33,moderado,Fuerza/Hipertrofia,0,Fuerza/Joven
40,sedentario,Fuerza/Hipertrofia,0,Fuerza/Joven
75,ligero,Rehabilitación,1,Rehabilitación
28,ligero,Fuerza/Hipertrofia,0,Fuerza/Joven
79,moderado,Resistencia/Deporte,0,Híbrido
25,ligero,Resistencia/Deporte,0,Híbrido
58,intenso,Rehabilitación,1,Rehabilitación
72,sedentario,Salud/Movilidad,0,Adulto Mayor
39,sedentario,Resistencia/Deporte,0,Híbrido
45,moderado,Salud/Movilidad,0,Híbrido
51,moderado,Fuerza/Hipertrofia,0,Fuerza/Joven
75,moderado,Salud/Movilidad,0,Híbrido
84,moderado,Fuerza/Hipertrofia,1,Adulto Mayor
44,intenso,Salud/Movilidad,0,Híbrido
31,intenso,Salud/Movilidad,0,Híbrido
51,ligero,Rehabilitación,1,Rehabilitación
85,ligero,Salud/Movilidad,0,Híbrido
63,sedentario,Resistencia/Deporte,0,Híbrido
32,moderado,Fuerza/Hipertrofia,0,Fuerza/Joven
21,sedentario,Resistencia/Deporte,0,Híbrido
53,sedentario,Resistencia/Deporte,0,Híbrido
79,intenso,Rehabilitación,1,Rehabilitación
80,moderado,Salud/Movilidad,0,Híbrido
22,ligero,Resistencia/Deporte,0,Híbrido
77,ligero,Salud/Movilidad,0,Híbrido
54,ligero,Salud/Movilidad,1,Híbrido
21,sedentario,Rehabilitación,0,Híbrido
29,sedentario,Resistencia/Deporte,0,Híbrido
76,sedentario,Rehabilitación,1,Rehabilitación
56,moderado,Fuerza/Hipertrofia,0,Fuerza/Joven
36,ligero,Fuerza/Hipertrofia,0,Fuerza/Joven
53,sedentario,Fuerza/Hipertrofia,0,Fuerza/Joven
54,moderado,Salud/Movilidad,0,Híbrido
70,sedentario,Salud/Movilidad,0,Adulto Mayor
68,sedentario,Salud/Movilidad,0,Adulto Mayor
61,ligero,Salud/Movilidad,0,Híbrido
25,moderado,Salud/Movilidad,0,Híbrido
75,moderado,Rehabilitación,1,Rehabilitación
31,sedentario,Fuerza/Hipertrofia,0,Fuerza/Joven
72,ligero,Rehabilitación,1,Rehabilitación
50,ligero,Fuerza/Hipertrofia,0,Fuerza/Joven
44,sedentario,Resistencia/Deporte,0,Híbrido
23,moderado,Fuerza/Hipertrofia,0,Fuerza/Joven
38,intenso,Fuerza/Hipertrofia,0,Fuerza/Joven
69,sedentario,Salud/Movilidad,0,Adulto Mayor
46,moderado,Salud/Movilidad,0,Híbrido
61,ligero,Salud/Movilidad,0,Híbrido
51,moderado,Salud/Movilidad,0,Híbrido
27,moderado,Salud/Movilidad,0,Híbrido
76,sedentario,Salud/Movilidad,1,Adulto Mayor
82,ligero,Salud/Movilidad,1,Adulto Mayor
64,sedentario,Salud/Movilidad,0,Híbrido
42,moderado,Resistencia/Deporte,0,Híbrido
38,ligero,Salud/Movilidad,0,Híbrido
43,ligero,Resistencia/Deporte,0,Híbrido
76,moderado,Salud/Movilidad,0,Híbrido
81,moderado,Salud/Movilidad,0,Híbrido
80,moderado,Fuerza/Hipertrofia,1,Adulto Mayor
74,ligero,Rehabilitación,1,Rehabilitación
62,moderado,Salud/Movilidad,0,Híbrido
21,sedentario,Resistencia/Deporte,0,Híbrido
23,ligero,Fuerza/Hipertrofia,0,Fuerza/Joven
50,sedentario,Fuerza/Hipertrofia,0,Fuerza/Joven
80,sedentario,Salud/Movilidad,1,Adulto Mayor
62,ligero,Rehabilitación,1,Rehabilitación
45,moderado,Salud/Movilidad,0,Híbrido
55,moderado,Fuerza/Hipertrofia,0,Fuerza/Joven
61,intenso,Salud/Movilidad,0,Híbrido
48,sedentario,Rehabilitación,1,Rehabilitación
69,moderado,Rehabilitación,0,Híbrido
32,moderado,Rehabilitación,1,Rehabilitación
54,moderado,Fuerza/Hipertrofia,0,Fuerza/Joven
22,moderado,Resistencia/Deporte,0,Híbrido
65,moderado,Salud/Movilidad,0,Híbrido
36,ligero,Fuerza/Hipertrofia,0,Fuerza/Joven
46,sedentario,Fuerza/Hipertrofia,0,Fuerza/Joven
19,ligero,Salud/Movilidad,1,Híbrido
49,moderado,Fuerza/Hipertrofia,0,Fuerza/Joven
59,sedentario,Fuerza/Hipertrofia,0,Fuerza/Joven
84,intenso,Rehabilitación,1,Rehabilitación
63,moderado,Resistencia/Deporte,0,Híbrido
78,sedentario,Salud/Movilidad,0,Adulto Mayor
78,ligero,Salud/Movilidad,0,Híbrido
48,moderado,Salud/Movilidad,0,Híbrido
25,moderado,Salud/Movilidad,0,Híbrido
70,sedentario,Salud/Movilidad,0,Adulto Mayor
76,sedentario,Rehabilitación,1,Rehabilitación
74,ligero,Salud/Movilidad,1,Adulto Mayor
34,sedentario,Fuerza/Hipertrofia,0,Fuerza/Joven
41,ligero,Resistencia/Deporte,0,Híbrido
23,ligero,Resistencia/Deporte,0,Híbrido
70,sedentario,Rehabilitación,1,Rehabilitación
78,sedentario,Rehabilitación,0,Adulto Mayor
75,intenso,Salud/Movilidad,1,Adulto Mayor
35,moderado,Fuerza/Hipertrofia,0,Fuerza/Joven
67,sedentario,Salud/Movilidad,0,Adulto Mayor
68,intenso,Salud/Movilidad,0,Híbrido
43,moderado,Fuerza/Hipertrofia,0,Fuerza/Joven
79,sedentario,Rehabilitación,1,Rehabilitación
69,sedentario,Salud/Movilidad,0,Adulto Mayor
41,intenso,Fuerza/Hipertrofia,0,Fuerza/Joven
63,sedentario,Salud/Movilidad,0,Híbrido
84,sedentario,Salud/Movilidad,0,Adulto Mayor
65,moderado,Salud/Movilidad,1,Adulto Mayor
58,sedentario,Resistencia/Deporte,0,Híbrido
60,intenso,Fuerza/Hipertrofia,0,Fuerza/Joven
29,intenso,Salud/Movilidad,0,Híbrido
56,ligero,Fuerza/Hipertrofia,0,Fuerza/Joven
46,sedentario,Salud/Movilidad,0,Híbrido
29,sedentario,Fuerza/Hipertrofia,0,Fuerza/Joven
48,sedentario,Salud/Movilidad,0,Híbrido
65,sedentario,Salud/Movilidad,0,Adulto Mayor
75,ligero,Rehabilitación,0,Híbrido
33,sedentario,Fuerza/Hipertrofia,0,Fuerza/Joven
35,moderado,Fuerza/Hipertrofia,0,Fuerza/Joven
66,sedentario,Rehabilitación,1,Rehabilitación
71,sedentario,Rehabilitación,1,Rehabilitación
70,moderado,Salud/Movilidad,0,Híbrido
65,moderado,Salud/Movilidad,1,Adulto Mayor
25,moderado,Salud/Movilidad,0,Híbrido
25,intenso,Salud/Movilidad,0,Híbrido
72,moderado,Salud/Movilidad,0,Híbrido
26,sedentario,Fuerza/Hipertrofia,0,Fuerza/Joven
82,sedentario,Rehabilitación,1,Rehabilitación
71,moderado,Salud/Movilidad,0,Híbrido
81,sedentario,Resistencia/Deporte,1,Adulto Mayor
33,ligero,Resistencia/Deporte,0,Híbrido
52,sedentario,Fuerza/Hipertrofia,0,Fuerza/Joven
53,sedentario,Rehabilitación,1,Rehabilitación
58,ligero,Rehabilitación,1,Rehabilitación
22,ligero,Salud/Movilidad,0,Híbrido
78,ligero,Salud/Movilidad,0,Híbrido
53,ligero,Fuerza/Hipertrofia,0,Fuerza/Joven
71,sedentario,Salud/Movilidad,1,Adulto Mayor
19,ligero,Fuerza/Hipertrofia,0,Fuerza/Joven
27,sedentario,Resistencia/Deporte,0,Híbrido
27,moderado,Rehabilitación,1,Rehabilitación
47,sedentario,Resistencia/Deporte,0,Híbrido
64,sedentario,Salud/Movilidad,0,Híbrido
40,moderado,Resistencia/Deporte,0,Híbrido
75,moderado,Salud/Movilidad,0,Híbrido
46,ligero,Rehabilitación,0,Híbrido
75,sedentario,Rehabilitación,1,Rehabilitación
42,intenso,Resistencia/Deporte,0,Híbrido
83,ligero,Rehabilitación,1,Rehabilitación
77,moderado,Rehabilitación,1,Rehabilitación
66,ligero,Rehabilitación,0,Híbrido
48,sedentario,Resistencia/Deporte,0,Híbrido
37,ligero,Resistencia/Deporte,0,Híbrido
66,sedentario,Salud/Movilidad,0,Adulto Mayor
28,sedentario,Fuerza/Hipertrofia,0,Fuerza/Joven
63,ligero,Salud/Movilidad,1,Rehabilitación
58,moderado,Rehabilitación,1,Rehabilitación
47,sedentario,Salud/Movilidad,1,Rehabilitación
57,ligero,Rehabilitación,1,Rehabilitación
43,ligero,Salud/Movilidad,1,Rehabilitación
75,ligero,Salud/Movilidad,0,Híbrido
53,ligero,Fuerza/Hipertrofia,0,Fuerza/Joven
61,sedentario,Salud/Movilidad,0,Híbrido
45,ligero,Salud/Movilidad,0,Híbrido
43,ligero,Resistencia/Deporte,0,Híbrido
23,sedentario,Fuerza/Hipertrofia,0,Fuerza/Joven
22,ligero,Fuerza/Hipertrofia,0,Fuerza/Joven
56,ligero,Rehabilitación,0,Híbrido
19,moderado,Resistencia/Deporte,0,Híbrido
64,sedentario,Salud/Movilidad,0,Híbrido
50,intenso,Fuerza/Hipertrofia,0,Fuerza/Joven
64,moderado,Salud/Movilidad,1,Rehabilitación
23,sedentario,Resistencia/Deporte,0,Híbrido
60,ligero,Rehabilitación,0,Híbrido
52,moderado,Fuerza/Hipertrofia,0,Fuerza/Joven
70,sedentario,Resistencia/Deporte,0,Adulto Mayor
69,sedentario,Salud/Movilidad,0,Adulto Mayor
82,sedentario,Salud/Movilidad,0,Adulto Mayor
69,sedentario,Salud/Movilidad,0,Adulto Mayor
20,sedentario,Salud/Movilidad,1,Rehabilitación
40,intenso,Salud/Movilidad,0,Híbrido
83,sedentario,Salud/Movilidad,1,Adulto Mayor
23,ligero,Resistencia/Deporte,0,Híbrido
34,sedentario,Fuerza/Hipertrofia,0,Fuerza/Joven
49,moderado,Salud/Movilidad,0,Híbrido
21,intenso,Rehabilitación,1,Rehabilitación
68,intenso,Rehabilitación,1,Rehabilitación
74,sedentario,Salud/Movilidad,1,Adulto Mayor
85,sedentario,Rehabilitación,1,Rehabilitación
59,ligero,Resistencia/Deporte,0,Híbrido
85,sedentario,Salud/Movilidad,0,Adulto Mayor
35,intenso,Resistencia/Deporte,0,Híbrido
18,sedentario,Fuerza/Hipertrofia,0,Fuerza/Joven
56,moderado,Fuerza/Hipertrofia,0,Fuerza/Joven
39,sedentario,Fuerza/Hipertrofia,0,Fuerza/Joven
23,ligero,Rehabilitación,1,Rehabilitación
80,sedentario,Salud/Movilidad,0,Adulto Mayor
60,moderado,Rehabilitación,1,Rehabilitación
70,ligero,Rehabilitación,0,Híbrido
26,ligero,Resistencia/Deporte,0,Híbrido
73,ligero,Rehabilitación,0,Híbrido
64,moderado,Salud/Movilidad,0,Híbrido
47,moderado,Fuerza/Hipertrofia,0,Fuerza/Joven
31,moderado,Fuerza/Hipertrofia,0,Fuerza/Joven
82,ligero,Salud/Movilidad,0,Híbrido
82,moderado,Rehabilitación,0,Híbrido
36,moderado,Rehabilitación,1,Rehabilitación
37,moderado,Rehabilitación,1,Rehabilitación
54,sedentario,Fuerza/Hipertrofia,0,Fuerza/Joven
56,ligero,Salud/Movilidad,0,Híbrido
59,sedentario,Salud/Movilidad,0,Híbrido
67,intenso,Rehabilitación,0,Híbrido
61,ligero,Salud/Movilidad,0,Híbrido
55,moderado,Resistencia/Deporte,0,Híbrido
57,moderado,Salud/Movilidad,0,Híbrido
84,ligero,Rehabilitación,1,Rehabilitación
32,moderado,Resistencia/Deporte,0,Híbrido
20,sedentario,Rehabilitación,1,Rehabilitación
65,ligero,Rehabilitación,1,Rehabilitación
84,sedentario,Salud/Movilidad,0,Adulto Mayor
23,moderado,Fuerza/Hipertrofia,0,Fuerza/Joven
24,intenso,Fuerza/Hipertrofia,0,Fuerza/Joven
80,moderado,Rehabilitación,1,Rehabilitación
81,ligero,Salud/Movilidad,1,Adulto Mayor
62,moderado,Rehabilitación,1,Rehabilitación
42,ligero,Fuerza/Hipertrofia,0,Fuerza/Joven
35,ligero,Salud/Movilidad,1,Rehabilitación
19,moderado,Fuerza/Hipertrofia,0,Fuerza/Joven
65,ligero,Salud/Movilidad,0,Híbrido
38,ligero,Resistencia/Deporte,0,Híbrido
79,moderado,Salud/Movilidad,0,Híbrido
36,ligero,Fuerza/Hipertrofia,0,Fuerza/Joven
54,sedentario,Fuerza/Hipertrofia,1,Híbrido
56,moderado,Salud/Movilidad,0,Híbrido
43,ligero,Resistencia/Deporte,0,Híbrido
29,sedentario,Resistencia/Deporte,0,Híbrido
56,ligero,Salud/Movilidad,0,Híbrido
52,moderado,Rehabilitación,1,Rehabilitación
50,ligero,Fuerza/Hipertrofia,0,Fuerza/Joven
32,ligero,Resistencia/Deporte,0,Híbrido
49,sedentario,Fuerza/Hipertrofia,0,Fuerza/Joven
37,moderado,Fuerza/Hipertrofia,0,Fuerza/Joven
70,sedentario,Salud/Movilidad,0,Adulto Mayor
23,ligero,Salud/Movilidad,0,Híbrido
34,sedentario,Fuerza/Hipertrofia,0,Fuerza/Joven
31,sedentario,Resistencia/Deporte,0,Híbrido
65,moderado,Salud/Movilidad,0,Híbrido
85,intenso,Resistencia/Deporte,0,Híbrido
32,sedentario,Fuerza/Hipertrofia,0,Fuerza/Joven
78,sedentario,Salud/Movilidad,0,Adulto Mayor
27,intenso,Resistencia/Deporte,0,Híbrido
73,sedentario,Resistencia/Deporte,0,Adulto Mayor
44,moderado,Fuerza/Hipertrofia,0,Fuerza/Joven
79,sedentario,Salud/Movilidad,0,Adulto Mayor
38,moderado,Salud/Movilidad,1,Híbrido
63,sedentario,Salud/Movilidad,1,Híbrido
21,moderado,Fuerza/Hipertrofia,0,Fuerza/Joven
71,sedentario,Salud/Movilidad,1,Adulto Mayor
77,sedentario,Resistencia/Deporte,1,Adulto Mayor
50,sedentario,Resistencia/Deporte,0,Híbrido
31,sedentario,Salud/Movilidad,0,Híbrido
65,ligero,Salud/Movilidad,0,Híbrido
66,ligero,Salud/Movilidad,0,Híbrido
49,sedentario,Fuerza/Hipertrofia,0,Fuerza/Joven
62,intenso,Rehabilitación,0,Híbrido
67,sedentario,Fuerza/Hipertrofia,1,Adulto Mayor
43,sedentario,Resistencia/Deporte,0,Híbrido
70,sedentario,Salud/Movilidad,1,Adulto Mayor
28,sedentario,Fuerza/Hipertrofia,0,Fuerza/Joven
42,moderado,Fuerza/Hipertrofia,0,Fuerza/Joven
35,sedentario,Fuerza/Hipertrofia,0,Fuerza/Joven
64,ligero,Salud/Movilidad,0,Híbrido
61,ligero,Salud/Movilidad,1,Híbrido
18,moderado,Fuerza/Hipertrofia,0,Fuerza/Joven
55,sedentario,Salud/Movilidad,0,Híbrido
30,ligero,Salud/Movilidad,0,Híbrido
65,sedentario,Resistencia/Deporte,0,Adulto Mayor
75,sedentario,Salud/Movilidad,0,Adulto Mayor
22,sedentario,Fuerza/Hipertrofia,0,Fuerza/Joven
46,ligero,Salud/Movilidad,0,Híbrido
61,ligero,Salud/Movilidad,1,Híbrido
55,intenso,Fuerza/Hipertrofia,0,Fuerza/Joven
32,moderado,Resistencia/Deporte,0,Híbrido
49,sedentario,Fuerza/Hipertrofia,0,Fuerza/Joven
69,sedentario,Salud/Movilidad,0,Adulto Mayor
79,ligero,Rehabilitación,0,Híbrido
46,ligero,Salud/Movilidad,0,Híbrido
34,sedentario,Resistencia/Deporte,0,Híbrido
35,sedentario,Resistencia/Deporte,0,Híbrido
85,moderado,Rehabilitación,1,Rehabilitación
80,sedentario,Fuerza/Hipertrofia,1,Adulto Mayor
34,moderado,Fuerza/Hipertrofia,0,Fuerza/Joven
62,moderado,Resistencia/Deporte,0,Híbrido
31,sedentario,Resistencia/Deporte,0,Híbrido
47,sedentario,Salud/Movilidad,0,Híbrido
23,moderado,Resistencia/Deporte,0,Híbrido
41,moderado,Resistencia/Deporte,0,Híbrido
65,moderado,Salud/Movilidad,1,Adulto Mayor
30,ligero,Fuerza/Hipertrofia,0,Fuerza/Joven
63,moderado,Salud/Movilidad,0,Híbrido
54,moderado,Salud/Movilidad,0,Híbrido
50,sedentario,Fuerza/Hipertrofia,0,Fuerza/Joven
59,moderado,Rehabilitación,1,Rehabilitación
18,ligero,Resistencia/Deporte,0,Híbrido
24,sedentario,Salud/Movilidad,1,Híbrido
36,moderado,Rehabilitación,0,Híbrido
67,moderado,Salud/Movilidad,1,Adulto Mayor
56,moderado,Resistencia/Deporte,0,Híbrido
66,sedentario,Salud/Movilidad,0,Adulto Mayor
25,intenso,Resistencia/Deporte,0,Híbrido
19,intenso,Salud/Movilidad,0,Híbrido
41,moderado,Salud/Movilidad,0,Híbrido
83,intenso,Rehabilitación,1,Rehabilitación
28,intenso,Fuerza/Hipertrofia,0,Fuerza/Joven
42,intenso,Rehabilitación,1,Rehabilitación
78,sedentario,Salud/Movilidad,0,Adulto Mayor
33,sedentario,Fuerza/Hipertrofia,0,Fuerza/Joven
81,sedentario,Rehabilitación,1,Rehabilitación
85,sedentario,Fuerza/Hipertrofia,1,Adulto Mayor
19,intenso,Resistencia/Deporte,0,Híbrido
39,sedentario,Resistencia/Deporte,0,Híbrido
81,sedentario,Salud/Movilidad,1,Adulto Mayor
26,sedentario,Resistencia/Deporte,0,Híbrido
83,sedentario,Salud/Movilidad,0,Adulto Mayor
58,ligero,Salud/Movilidad,0,Híbrido
73,sedentario,Salud/Movilidad,0,Adulto Mayor
71,sedentario,Rehabilitación,1,Rehabilitación
72,ligero,Rehabilitación,1,Rehabilitación
29,ligero,Fuerza/Hipertrofia,0,Fuerza/Joven
21,moderado,Salud/Movilidad,0,Híbrido
66,sedentario,Rehabilitación,1,Rehabilitación
33,sedentario,Fuerza/Hipertrofia,0,Fuerza/Joven
44,sedentario,Fuerza/Hipertrofia,0,Fuerza/Joven
41,intenso,Fuerza/Hipertrofia,0,Fuerza/Joven
23,ligero,Rehabilitación,1,Rehabilitación
60,moderado,Resistencia/Deporte,0,Híbrido
45,sedentario,Rehabilitación,1,Rehabilitación
59,ligero,Fuerza/Hipertrofia,0,Fuerza/Joven
48,moderado,Fuerza/Hipertrofia,0,Fuerza/Joven
38,ligero,Rehabilitación,0,Híbrido
21,moderado,Fuerza/Hipertrofia,0,Fuerza/Joven
27,ligero,Salud/Movilidad,0,Híbrido
39,moderado,Resistencia/Deporte,0,Híbrido
53,moderado,Rehabilitación,1,Rehabilitación
53,sedentario,Resistencia/Deporte,0,Híbrido
41,sedentario,Resistencia/Deporte,0,Híbrido
23,intenso,Fuerza/Hipertrofia,0,Fuerza/Joven
45,ligero,Fuerza/Hipertrofia,0,Fuerza/Joven
40,ligero,Salud/Movilidad,0,Híbrido
72,sedentario,Rehabilitación,1,Rehabilitación
83,intenso,Salud/Movilidad,0,Híbrido
31,ligero,Fuerza/Hipertrofia,0,Fuerza/Joven
60,intenso,Rehabilitación,0,Híbrido
77,sedentario,Salud/Movilidad,1,Adulto Mayor
41,ligero,Salud/Movilidad,0,Híbrido
48,moderado,Fuerza/Hipertrofia,0,Fuerza/Joven
79,sedentario,Rehabilitación,0,Adulto Mayor
82,sedentario,Salud/Movilidad,0,Adulto Mayor
60,sedentario,Fuerza/Hipertrofia,0,Fuerza/Joven
45,sedentario,Fuerza/Hipertrofia,0,Fuerza/Joven
23,sedentario,Resistencia/Deporte,0,Híbrido
42,ligero,Fuerza/Hipertrofia,0,Fuerza/Joven
71,sedentario,Salud/Movilidad,0,Adulto Mayor
44,sedentario,Resistencia/Deporte,0,Híbrido
68,moderado,Salud/Movilidad,0,Híbrido
26,ligero,Fuerza/Hipertrofia,0,Fuerza/Joven
30,ligero,Salud/Movilidad,0,Híbrido
71,moderado,Salud/Movilidad,0,Híbrido
65,sedentario,Salud/Movilidad,1,Adulto Mayor
84,ligero,Salud/Movilidad,0,Híbrido
79,sedentario,Rehabilitación,1,Rehabilitación
69,intenso,Salud/Movilidad,0,Híbrido
50,sedentario,Salud/Movilidad,0,Híbrido
61,moderado,Salud/Movilidad,1,Rehabilitación
46,sedentario,Resistencia/Deporte,0,Híbrido
65,sedentario,Salud/Movilidad,0,Adulto Mayor
74,sedentario,Rehabilitación,1,Rehabilitación
33,moderado,Fuerza/Hipertrofia,0,Fuerza/Joven
27,moderado,Rehabilitación,1,Rehabilitación
41,moderado,Salud/Movilidad,0,Híbrido
25,moderado,Fuerza/Hipertrofia,0,Fuerza/Joven
58,ligero,Fuerza/Hipertrofia,0,Fuerza/Joven
26,ligero,Rehabilitación,0,Híbrido
42,moderado,Fuerza/Hipertrofia,0,Fuerza/Joven
38,ligero,Fuerza/Hipertrofia,0,Fuerza/Joven
48,moderado,Fuerza/Hipertrofia,0,Fuerza/Joven
68,sedentario,Rehabilitación,1,Rehabilitación
57,moderado,Rehabilitación,1,Rehabilitación
49,moderado,Rehabilitación,1,Rehabilitación
32,moderado,Salud/Movilidad,0,Híbrido
72,sedentario,Salud/Movilidad,0,Adulto Mayor
64,ligero,Resistencia/Deporte,0,Híbrido
62,sedentario,Salud/Movilidad,1,Híbrido
82,sedentario,Rehabilitación,1,Rehabilitación
52,sedentario,Rehabilitación,1,Rehabilitación
72,sedentario,Resistencia/Deporte,1,Adulto Mayor
36,moderado,Fuerza/Hipertrofia,0,Fuerza/Joven
42,moderado,Salud/Movilidad,0,Híbrido
61,sedentario,Salud/Movilidad,0,Híbrido
61,ligero,Salud/Movilidad,0,Híbrido
47,ligero,Fuerza/Hipertrofia,0,Fuerza/Joven
81,moderado,Salud/Movilidad,0,Híbrido
58,intenso,Salud/Movilidad,1,Rehabilitación
46,ligero,Rehabilitación,0,Híbrido
58,intenso,Salud/Movilidad,0,Híbrido
20,moderado,Resistencia/Deporte,0,Híbrido
46,ligero,Resistencia/Deporte,0,Híbrido
26,ligero,Fuerza/Hipertrofia,0,Fuerza/Joven
67,sedentario,Salud/Movilidad,0,Adulto Mayor
35,moderado,Salud/Movilidad,0,Híbrido
78,sedentario,Salud/Movilidad,0,Adulto Mayor
63,ligero,Salud/Movilidad,0,Híbrido
34,ligero,Fuerza/Hipertrofia,0,Fuerza/Joven
67,sedentario,Salud/Movilidad,1,Adulto Mayor
26,sedentario,Resistencia/Deporte,0,Híbrido
30,ligero,Fuerza/Hipertrofia,0,Fuerza/Joven
46,moderado,Salud/Movilidad,1,Híbrido
29,sedentario,Fuerza/Hipertrofia,0,Fuerza/Joven
57,sedentario,Resistencia/Deporte,0,Híbrido
76,moderado,Salud/Movilidad,0,Híbrido
84,sedentario,Resistencia/Deporte,0,Adulto Mayor
66,intenso,Salud/Movilidad,0,Híbrido
31,intenso,Fuerza/Hipertrofia,0,Fuerza/Joven
78,sedentario,Salud/Movilidad,0,Adulto Mayor
19,sedentario,Rehabilitación,1,Rehabilitación
51,ligero,Resistencia/Deporte,1,Rehabilitación
66,sedentario,Rehabilitación,1,Rehabilitación
21,sedentario,Resistencia/Deporte,0,Híbrido
61,moderado,Salud/Movilidad,0,Híbrido
33,ligero,Fuerza/Hipertrofia,0,Fuerza/Joven
18,sedentario,Fuerza/Hipertrofia,0,Fuerza/Joven
47,moderado,Resistencia/Deporte,0,Híbrido
43,ligero,Fuerza/Hipertrofia,0,Fuerza/Joven
35,ligero,Fuerza/Hipertrofia,0,Fuerza/Joven
67,sedentario,Rehabilitación,1,Rehabilitación
21,intenso,Fuerza/Hipertrofia,0,Fuerza/Joven
34,sedentario,Resistencia/Deporte,0,Híbrido
34,moderado,Salud/Movilidad,0,Híbrido
32,moderado,Resistencia/Deporte,0,Híbrido
51,ligero,Resistencia/Deporte,0,Híbrido
52,sedentario,Fuerza/Hipertrofia,0,Fuerza/Joven
49,sedentario,Salud/Movilidad,0,Híbrido
75,ligero,Salud/Movilidad,0,Híbrido
76,sedentario,Salud/Movilidad,1,Adulto Mayor
35,sedentario,Resistencia/Deporte,0,Híbrido
54,moderado,Rehabilitación,1,Rehabilitación
65,moderado,Salud/Movilidad,0,Híbrido
30,sedentario,Salud/Movilidad,1,Rehabilitación
63,sedentario,Salud/Movilidad,1,Híbrido
67,sedentario,Salud/Movilidad,0,Adulto Mayor
75,sedentario,Resistencia/Deporte,1,Adulto Mayor
78,sedentario,Salud/Movilidad,0,Adulto Mayor
26,moderado,Fuerza/Hipertrofia,0,Fuerza/Joven
47,moderado,Salud/Movilidad,0,Híbrido
84,ligero,Salud/Movilidad,1,Adulto Mayor
59,intenso,Fuerza/Hipertrofia,0,Fuerza/Joven
59,sedentario,Resistencia/Deporte,1,Rehabilitación
60,ligero,Rehabilitación,1,Rehabilitación
79,sedentario,Fuerza/Hipertrofia,1,Adulto Mayor
36,sedentario,Fuerza/Hipertrofia,0,Fuerza/Joven
31,moderado,Fuerza/Hipertrofia,0,Fuerza/Joven
33,sedentario,Fuerza/Hipertrofia,0,Fuerza/Joven
18,moderado,Fuerza/Hipertrofia,0,Fuerza/Joven
78,ligero,Salud/Movilidad,0,Híbrido
76,ligero,Salud/Movilidad,0,Híbrido
66,sedentario,Rehabilitación,1,Rehabilitación
49,sedentario,Fuerza/Hipertrofia,0,Fuerza/Joven
75,sedentario,Salud/Movilidad,1,Adulto Mayor
24,ligero,Salud/Movilidad,0,Híbrido
38,intenso,Fuerza/Hipertrofia,0,Fuerza/Joven
69,sedentario,Salud/Movilidad,0,Adulto Mayor
22,ligero,Rehabilitación,0,Híbrido
62,sedentario,Salud/Movilidad,0,Híbrido
38,sedentario,Fuerza/Hipertrofia,0,Fuerza/Joven
69,ligero,Salud/Movilidad,0,Híbrido
40,ligero,Rehabilitación,1,Rehabilitación
73,sedentario,Rehabilitación,1,Rehabilitación
28,moderado,Resistencia/Deporte,0,Híbrido
60,moderado,Rehabilitación,1,Rehabilitación
64,moderado,Salud/Movilidad,0,Híbrido
55,moderado,Fuerza/Hipertrofia,0,Fuerza/Joven
80,sedentario,Rehabilitación,0,Adulto Mayor
62,ligero,Salud/Movilidad,0,Híbrido
39,sedentario,Salud/Movilidad,1,Híbrido
34,ligero,Resistencia/Deporte,0,Híbrido
81,sedentario,Rehabilitación,1,Rehabilitación
52,ligero,Rehabilitación,1,Rehabilitación
54,ligero,Fuerza/Hipertrofia,0,Fuerza/Joven
26,intenso,Fuerza/Hipertrofia,0,Fuerza/Joven
26,ligero,Rehabilitación,1,Rehabilitación
39,sedentario,Fuerza/Hipertrofia,0,Fuerza/Joven
59,intenso,Salud/Movilidad,0,Híbrido
36,moderado,Resistencia/Deporte,1,Híbrido
63,intenso,Rehabilitación,1,Rehabilitación
69,ligero,Salud/Movilidad,0,Híbrido
25,moderado,Fuerza/Hipertrofia,0,Fuerza/Joven
37,moderado,Resistencia/Deporte,0,Híbrido
61,intenso,Rehabilitación,0,Híbrido
47,moderado,Rehabilitación,1,Rehabilitación
30,sedentario,Salud/Movilidad,0,Híbrido
23,intenso,Salud/Movilidad,0,Híbrido
42,moderado,Rehabilitación,1,Rehabilitación
42,ligero,Fuerza/Hipertrofia,0,Fuerza/Joven
44,ligero,Salud/Movilidad,0,Híbrido
75,ligero,Fuerza/Hipertrofia,0,Híbrido
67,sedentario,Rehabilitación,1,Rehabilitación
26,sedentario,Salud/Movilidad,0,Híbrido
85,ligero,Rehabilitación,1,Rehabilitación
56,moderado,Resistencia/Deporte,0,Híbrido
69,sedentario,Salud/Movilidad,0,Adulto Mayor
71,sedentario,Rehabilitación,0,Adulto Mayor
49,ligero,Fuerza/Hipertrofia,0,Fuerza/Joven
44,sedentario,Salud/Movilidad,0,Híbrido
22,sedentario,Salud/Movilidad,0,Híbrido
53,sedentario,Salud/Movilidad,0,Híbrido
69,ligero,Salud/Movilidad,1,Adulto Mayor
79,sedentario,Rehabilitación,1,Rehabilitación
24,moderado,Fuerza/Hipertrofia,0,Fuerza/Joven
33,ligero,Resistencia/Deporte,0,Híbrido
70,intenso,Salud/Movilidad,0,Híbrido
46,sedentario,Fuerza/Hipertrofia,0,Fuerza/Joven
22,intenso,Rehabilitación,1,Rehabilitación
26,sedentario,Resistencia/Deporte,0,Híbrido
77,intenso,Rehabilitación,1,Rehabilitación
20,sedentario,Resistencia/Deporte,0,Híbrido
77,sedentario,Salud/Movilidad,0,Adulto Mayor
74,sedentario,Salud/Movilidad,0,Adulto Mayor
66,sedentario,Salud/Movilidad,0,Adulto Mayor
46,moderado,Rehabilitación,1,Rehabilitación
18,ligero,Salud/Movilidad,0,Híbrido
69,intenso,Salud/Movilidad,0,Híbrido
23,ligero,Salud/Movilidad,0,Híbrido
70,sedentario,Salud/Movilidad,0,Adulto Mayor
83,ligero,Rehabilitación,1,Rehabilitación
52,sedentario,Fuerza/Hipertrofia,0,Fuerza/Joven
74,moderado,Salud/Movilidad,0,Híbrido
59,sedentario,Salud/Movilidad,0,Híbrido
21,moderado,Fuerza/Hipertrofia,0,Fuerza/Joven
49,sedentario,Salud/Movilidad,0,Híbrido
69,sedentario,Salud/Movilidad,0,Adulto Mayor
80,sedentario,Salud/Movilidad,1,Adulto Mayor
34,sedentario,Resistencia/Deporte,0,Híbrido
45,ligero,Fuerza/Hipertrofia,0,Fuerza/Joven
41,sedentario,Fuerza/Hipertrofia,0,Fuerza/Joven
36,intenso,Fuerza/Hipertrofia,0,Fuerza/Joven
57,moderado,Fuerza/Hipertrofia,0,Fuerza/Joven
55,sedentario,Rehabilitación,0,Híbrido
42,moderado,Fuerza/Hipertrofia,0,Fuerza/Joven
34,sedentario,Rehabilitación,1,Rehabilitación
72,sedentario,Salud/Movilidad,0,Adulto Mayor
41,moderado,Fuerza/Hipertrofia,0,Fuerza/Joven
77,sedentario,Rehabilitación,1,Rehabilitación
37,sedentario,Rehabilitación,0,Híbrido
54,ligero,Resistencia/Deporte,0,Híbrido
48,sedentario,Fuerza/Hipertrofia,0,Fuerza/Joven
53,ligero,Fuerza/Hipertrofia,0,Fuerza/Joven
77,sedentario,Resistencia/Deporte,0,Adulto Mayor
77,sedentario,Salud/Movilidad,0,Adulto Mayor
74,sedentario,Rehabilitación,1,Rehabilitación
19,moderado,Salud/Movilidad,0,Híbrido
42,sedentario,Salud/Movilidad,0,Híbrido
56,sedentario,Resistencia/Deporte,1,Rehabilitación
20,ligero,Salud/Movilidad,0,Híbrido
64,moderado,Salud/Movilidad,0,Híbrido
81,intenso,Resistencia/Deporte,1,Adulto Mayor
70,moderado,Salud/Movilidad,0,Híbrido
64,moderado,Resistencia/Deporte,0,Híbrido
77,moderado,Salud/Movilidad,0,Híbrido
57,sedentario,Salud/Movilidad,0,Híbrido
58,ligero,Resistencia/Deporte,0,Híbrido
48,ligero,Fuerza/Hipertrofia,0,Fuerza/Joven
35,moderado,Rehabilitación,1,Rehabilitación
61,sedentario,Rehabilitación,0,Híbrido
21,moderado,Resistencia/Deporte,0,Híbrido
65,ligero,Rehabilitación,1,Rehabilitación
48,sedentario,Fuerza/Hipertrofia,0,Fuerza/Joven
25,moderado,Rehabilitación,1,Rehabilitación
85,ligero,Resistencia/Deporte,0,Híbrido
79,sedentario,Salud/Movilidad,0,Adulto Mayor
48,sedentario,Fuerza/Hipertrofia,0,Fuerza/Joven
76,ligero,Rehabilitación,1,Rehabilitación
73,ligero,Salud/Movilidad,1,Adulto Mayor
79,sedentario,Salud/Movilidad,1,Adulto Mayor
32,ligero,Fuerza/Hipertrofia,0,Fuerza/Joven
78,sedentario,Salud/Movilidad,1,Adulto Mayor
68,sedentario,Salud/Movilidad,1,Adulto Mayor
43,moderado,Fuerza/Hipertrofia,0,Fuerza/Joven
25,ligero,Salud/Movilidad,0,Híbrido
44,sedentario,Rehabilitación,1,Rehabilitación
46,moderado,Fuerza/Hipertrofia,0,Fuerza/Joven
35,sedentario,Resistencia/Deporte,0,Híbrido
50,sedentario,Resistencia/Deporte,0,Híbrido
33,sedentario,Fuerza/Hipertrofia,0,Fuerza/Joven
50,ligero,Fuerza/Hipertrofia,0,Fuerza/Joven
62,moderado,Salud/Movilidad,0,Híbrido
85,sedentario,Fuerza/Hipertrofia,1,Adulto Mayor
28,moderado,Fuerza/Hipertrofia,0,Fuerza/Joven
22,sedentario,Rehabilitación,1,Rehabilitación
66,moderado,Rehabilitación,1,Rehabilitación
60,moderado,Rehabilitación,1,Rehabilitación
71,ligero,Salud/Movilidad,0,Híbrido
26,moderado,Rehabilitación,1,Rehabilitación
31,ligero,Fuerza/Hipertrofia,0,Fuerza/Joven
20,ligero,Resistencia/Deporte,0,Híbrido
45,moderado,Fuerza/Hipertrofia,0,Fuerza/Joven
78,ligero,Rehabilitación,1,Rehabilitación
85,sedentario,Salud/Movilidad,0,Adulto Mayor
84,sedentario,Salud/Movilidad,0,Adulto Mayor
26,sedentario,Resistencia/Deporte,0,Híbrido
72,ligero,Rehabilitación,1,Rehabilitación
43,ligero,Fuerza/Hipertrofia,0,Fuerza/Joven
84,moderado,Rehabilitación,1,Rehabilitación
34,intenso,Fuerza/Hipertrofia,0,Fuerza/Joven
24,ligero,Resistencia/Deporte,0,Híbrido
19,moderado,Resistencia/Deporte,0,Híbrido
35,sedentario,Fuerza/Hipertrofia,0,Fuerza/Joven
52,intenso,Salud/Movilidad,1,Rehabilitación
28,moderado,Rehabilitación,1,Rehabilitación
22,ligero,Fuerza/Hipertrofia,0,Fuerza/Joven
63,moderado,Salud/Movilidad,0,Híbrido
50,ligero,Salud/Movilidad,1,Rehabilitación
22,moderado,Resistencia/Deporte,0,Híbrido
47,sedentario,Fuerza/Hipertrofia,0,Fuerza/Joven
35,sedentario,Fuerza/Hipertrofia,0,Fuerza/Joven
80,sedentario,Rehabilitación,1,Rehabilitación
70,intenso,Salud/Movilidad,1,Adulto Mayor
66,sedentario,Salud/Movilidad,0,Adulto Mayor
42,ligero,Salud/Movilidad,0,Híbrido
36,moderado,Rehabilitación,1,Rehabilitación
65,sedentario,Fuerza/Hipertrofia,0,Adulto Mayor
24,intenso,Resistencia/Deporte,0,Híbrido
63,intenso,Salud/Movilidad,0,Híbrido
52,moderado,Rehabilitación,1,Rehabilitación
44,ligero,Salud/Movilidad,0,Híbrido
74,sedentario,Salud/Movilidad,1,Adulto Mayor
35,moderado,Rehabilitación,1,Rehabilitación
35,sedentario,Fuerza/Hipertrofia,0,Fuerza/Joven
27,moderado,Fuerza/Hipertrofia,0,Fuerza/Joven
21,intenso,Fuerza/Hipertrofia,0,Fuerza/Joven
24,intenso,Resistencia/Deporte,0,Híbrido
78,sedentario,Salud/Movilidad,0,Adulto Mayor
68,sedentario,Salud/Movilidad,0,Adulto Mayor
74,sedentario,Salud/Movilidad,0,Adulto Mayor
31,ligero,Resistencia/Deporte,0,Híbrido
27,sedentario,Fuerza/Hipertrofia,0,Fuerza/Joven
49,moderado,Salud/Movilidad,0,Híbrido
79,sedentario,Rehabilitación,1,Rehabilitación
40,sedentario,Fuerza/Hipertrofia,0,Fuerza/Joven
73,sedentario,Rehabilitación,0,Adulto Mayor
50,sedentario,Salud/Movilidad,0,Híbrido
67,sedentario,Salud/Movilidad,0,Adulto Mayor
37,moderado,Fuerza/Hipertrofia,0,Fuerza/Joven
22,moderado,Fuerza/Hipertrofia,0,Fuerza/Joven
33,ligero,Salud/Movilidad,0,Híbrido
46,sedentario,Fuerza/Hipertrofia,0,Fuerza/Joven
26,moderado,Salud/Movilidad,0,Híbrido
83,sedentario,Fuerza/Hipertrofia,1,Adulto Mayor
54,intenso,Rehabilitación,1,Rehabilitación
63,sedentario,Salud/Movilidad,1,Híbrido
22,moderado,Fuerza/Hipertrofia,0,Fuerza/Joven
41,moderado,Salud/Movilidad,0,Híbrido
72,sedentario,Salud/Movilidad,1,Adulto Mayor
39,moderado,Fuerza/Hipertrofia,0,Fuerza/Joven
56,intenso,Salud/Movilidad,1,Rehabilitación
46,sedentario,Resistencia/Deporte,0,Híbrido
39,moderado,Resistencia/Deporte,0,Híbrido
54,moderado,Fuerza/Hipertrofia,0,Fuerza/Joven
59,ligero,Fuerza/Hipertrofia,0,Fuerza/Joven
38,intenso,Resistencia/Deporte,0,Híbrido
66,moderado,Resistencia/Deporte,0,Híbrido
51,intenso,Fuerza/Hipertrofia,0,Fuerza/Joven
66,sedentario,Rehabilitación,1,Rehabilitación
34,ligero,Rehabilitación,1,Rehabilitación
61,ligero,Salud/Movilidad,0,Híbrido
26,sedentario,Fuerza/Hipertrofia,0,Fuerza/Joven
26,moderado,Resistencia/Deporte,0,Híbrido
60,sedentario,Fuerza/Hipertrofia,0,Fuerza/Joven
56,sedentario,Resistencia/Deporte,0,Híbrido
54,ligero,Resistencia/Deporte,0,Híbrido
52,sedentario,Fuerza/Hipertrofia,0,Fuerza/Joven
43,ligero,Fuerza/Hipertrofia,0,Fuerza/Joven
18,intenso,Fuerza/Hipertrofia,0,Fuerza/Joven
21,sedentario,Resistencia/Deporte,0,Híbrido
40,moderado,Fuerza/Hipertrofia,0,Fuerza/Joven
27,ligero,Salud/Movilidad,1,Rehabilitación
30,ligero,Resistencia/Deporte,0,Híbrido
50,moderado,Resistencia/Deporte,0,Híbrido
59,ligero,Rehabilitación,1,Rehabilitación
20,moderado,Fuerza/Hipertrofia,0,Fuerza/Joven
39,sedentario,Salud/Movilidad,0,Híbrido
76,ligero,Salud/Movilidad,0,Híbrido
41,sedentario,Fuerza/Hipertrofia,0,Fuerza/Joven
25,moderado,Fuerza/Hipertrofia,0,Fuerza/Joven
43,moderado,Salud/Movilidad,0,Híbrido
84,sedentario,Rehabilitación,0,Adulto Mayor
63,ligero,Salud/Movilidad,0,Híbrido
64,moderado,Resistencia/Deporte,1,Rehabilitación
52,ligero,Salud/Movilidad,1,Híbrido
59,sedentario,Fuerza/Hipertrofia,0,Fuerza/Joven
32,sedentario,Fuerza/Hipertrofia,0,Fuerza/Joven
33,intenso,Resistencia/Deporte,0,Híbrido
60,sedentario,Rehabilitación,1,Rehabilitación
70,sedentario,Salud/Movilidad,1,Adulto Mayor
37,moderado,Resistencia/Deporte,0,Híbrido
30,intenso,Rehabilitación,1,Rehabilitación
39,ligero,Rehabilitación,0,Híbrido
74,sedentario,Rehabilitación,1,Rehabilitación
45,intenso,Fuerza/Hipertrofia,0,Fuerza/Joven
72,sedentario,Salud/Movilidad,0,Adulto Mayor
71,moderado,Salud/Movilidad,0,Híbrido
66,ligero,Salud/Movilidad,0,Híbrido
53,sedentario,Fuerza/Hipertrofia,0,Fuerza/Joven
63,intenso,Salud/Movilidad,0,Híbrido
60,ligero,Fuerza/Hipertrofia,0,Fuerza/Joven
80,sedentario,Salud/Movilidad,1,Adulto Mayor
79,sedentario,Rehabilitación,1,Rehabilitación
83,sedentario,Salud/Movilidad,0,Adulto Mayor
29,ligero,Fuerza/Hipertrofia,0,Fuerza/Joven
33,intenso,Fuerza/Hipertrofia,0,Fuerza/Joven
73,sedentario,Resistencia/Deporte,0,Adulto Mayor
60,sedentario,Salud/Movilidad,1,Híbrido
80,sedentario,Salud/Movilidad,0,Adulto Mayor
68,sedentario,Rehabilitación,1,Rehabilitación
25,moderado,Resistencia/Deporte,0,Híbrido
66,sedentario,Fuerza/Hipertrofia,1,Adulto Mayor
61,sedentario,Salud/Movilidad,0,Híbrido
74,intenso,Salud/Movilidad,1,Adulto Mayor
28,sedentario,Salud/Movilidad,0,Híbrido
19,ligero,Salud/Movilidad,0,Híbrido
55,moderado,Fuerza/Hipertrofia,0,Fuerza/Joven
18,moderado,Fuerza/Hipertrofia,0,Fuerza/Joven
38,moderado,Fuerza/Hipertrofia,0,Fuerza/Joven
19,moderado,Rehabilitación,1,Rehabilitación
47,ligero,Fuerza/Hipertrofia,0,Fuerza/Joven
82,moderado,Salud/Movilidad,0,Híbrido
63,intenso,Salud/Movilidad,1,Rehabilitación
50,ligero,Fuerza/Hipertrofia,0,Fuerza/Joven
71,ligero,Rehabilitación,1,Rehabilitación
61,moderado,Resistencia/Deporte,0,Híbrido
63,moderado,Rehabilitación,0,Híbrido
45,ligero,Salud/Movilidad,1,Híbrido
84,sedentario,Salud/Movilidad,0,Adulto Mayor
75,sedentario,Rehabilitación,1,Rehabilitación
58,moderado,Salud/Movilidad,0,Híbrido
18,moderado,Resistencia/Deporte,0,Híbrido
52,intenso,Resistencia/Deporte,0,Híbrido
72,sedentario,Salud/Movilidad,0,Adulto Mayor
21,intenso,Fuerza/Hipertrofia,0,Fuerza/Joven
65,sedentario,Salud/Movilidad,0,Adulto Mayor
24,moderado,Salud/Movilidad,0,Híbrido
18,moderado,Fuerza/Hipertrofia,0,Fuerza/Joven
82,sedentario,Salud/Movilidad,1,Adulto Mayor
79,ligero,Salud/Movilidad,1,Adulto Mayor
67,ligero,Salud/Movilidad,0,Híbrido
61,sedentario,Salud/Movilidad,1,Híbrido
25,sedentario,Salud/Movilidad,0,Híbrido
56,intenso,Rehabilitación,1,Rehabilitación
50,ligero,Rehabilitación,0,Híbrido
36,intenso,Rehabilitación,0,Híbrido
28,ligero,Salud/Movilidad,0,Híbrido
19,moderado,Fuerza/Hipertrofia,0,Fuerza/Joven
47,ligero,Fuerza/Hipertrofia,0,Fuerza/Joven
32,sedentario,Fuerza/Hipertrofia,0,Fuerza/Joven
77,sedentario,Salud/Movilidad,0,Adulto Mayor
52,sedentario,Fuerza/Hipertrofia,0,Fuerza/Joven
64,sedentario,Salud/Movilidad,0,Híbrido
35,moderado,Resistencia/Deporte,0,Híbrido
49,sedentario,Salud/Movilidad,0,Híbrido
71,moderado,Rehabilitación,1,Rehabilitación
72,ligero,Rehabilitación,1,Rehabilitación
64,sedentario,Salud/Movilidad,0,Híbrido
78,sedentario,Rehabilitación,1,Rehabilitación
25,sedentario,Resistencia/Deporte,0,Híbrido
58,moderado,Rehabilitación,1,Rehabilitación
54,moderado,Fuerza/Hipertrofia,0,Fuerza/Joven
65,moderado,Salud/Movilidad,0,Híbrido
35,ligero,Fuerza/Hipertrofia,0,Fuerza/Joven
27,ligero,Resistencia/Deporte,0,Híbrido
51,moderado,Rehabilitación,1,Rehabilitación
79,moderado,Rehabilitación,1,Rehabilitación
50,sedentario,Fuerza/Hipertrofia,0,Fuerza/Joven
80,sedentario,Rehabilitación,1,Rehabilitación
20,moderado,Fuerza/Hipertrofia,0,Fuerza/Joven
73,sedentario,Salud/Movilidad,0,Adulto Mayor
84,intenso,Salud/Movilidad,0,Híbrido
83,sedentario,Rehabilitación,1,Rehabilitación
24,ligero,Rehabilitación,1,Rehabilitación
25,ligero,Fuerza/Hipertrofia,0,Fuerza/Joven
27,ligero,Fuerza/Hipertrofia,0,Fuerza/Joven
20,sedentario,Resistencia/Deporte,0,Híbrido
23,moderado,Fuerza/Hipertrofia,0,Fuerza/Joven
57,ligero,Fuerza/Hipertrofia,0,Fuerza/Joven
61,sedentario,Salud/Movilidad,0,Híbrido
31,intenso,Fuerza/Hipertrofia,0,Fuerza/Joven
45,ligero,Salud/Movilidad,0,Híbrido
19,sedentario,Fuerza/Hipertrofia,0,Fuerza/Joven
50,ligero,Resistencia/Deporte,0,Híbrido
81,sedentario,Fuerza/Hipertrofia,1,Adulto Mayor
41,moderado,Salud/Movilidad,1,Rehabilitación
51,moderado,Rehabilitación,1,Rehabilitación
82,sedentario,Salud/Movilidad,1,Adulto Mayor
70,sedentario,Salud/Movilidad,0,Adulto Mayor
43,ligero,Fuerza/Hipertrofia,0,Fuerza/Joven
71,moderado,Rehabilitación,1,Rehabilitación
67,intenso,Salud/Movilidad,0,Híbrido
39,moderado,Rehabilitación,1,Rehabilitación
22,ligero,Fuerza/Hipertrofia,0,Fuerza/Joven
70,sedentario,Salud/Movilidad,0,Adulto Mayor
74,moderado,Salud/Movilidad,0,Híbrido
46,sedentario,Fuerza/Hipertrofia,0,Fuerza/Joven
71,moderado,Rehabilitación,1,Rehabilitación
60,ligero,Fuerza/Hipertrofia,0,Fuerza/Joven
85,ligero,Rehabilitación,1,Rehabilitación
35,ligero,Salud/Movilidad,1,Rehabilitación
26,ligero,Fuerza/Hipertrofia,1,Rehabilitación
62,moderado,Salud/Movilidad,0,Híbrido
39,moderado,Resistencia/Deporte,0,Híbrido
50,sedentario,Resistencia/Deporte,0,Híbrido
62,sedentario,Salud/Movilidad,0,Híbrido
74,moderado,Rehabilitación,1,Rehabilitación
21,ligero,Fuerza/Hipertrofia,0,Fuerza/Joven
78,ligero,Salud/Movilidad,1,Adulto Mayor
40,ligero,Resistencia/Deporte,0,Híbrido
28,ligero,Fuerza/Hipertrofia,0,Fuerza/Joven
50,moderado,Rehabilitación,1,Rehabilitación
84,ligero,Salud/Movilidad,1,Adulto Mayor
35,moderado,Resistencia/Deporte,0,Híbrido
32,sedentario,Resistencia/Deporte,0,Híbrido
70,sedentario,Salud/Movilidad,0,Adulto Mayor
54,ligero,Fuerza/Hipertrofia,0,Fuerza/Joven
39,sedentario,Salud/Movilidad,0,Híbrido
42,sedentario,Resistencia/Deporte,0,Híbrido
81,sedentario,Rehabilitación,1,Rehabilitación
57,moderado,Resistencia/Deporte,0,Híbrido
31,moderado,Resistencia/Deporte,0,Híbrido
54,ligero,Rehabilitación,1,Rehabilitación
78,sedentario,Salud/Movilidad,1,Adulto Mayor
67,ligero,Salud/Movilidad,0,Híbrido
47,sedentario,Resistencia/Deporte,0,Híbrido
28,ligero,Fuerza/Hipertrofia,0,Fuerza/Joven
69,ligero,Rehabilitación,1,Rehabilitación
67,moderado,Salud/Movilidad,0,Híbrido
78,moderado,Rehabilitación,1,Rehabilitación
56,ligero,Resistencia/Deporte,0,Híbrido
63,sedentario,Fuerza/Hipertrofia,0,Fuerza/Joven
38,sedentario,Fuerza/Hipertrofia,0,Fuerza/Joven
69,sedentario,Salud/Movilidad,0,Adulto Mayor
51,sedentario,Rehabilitación,1,Rehabilitación
60,moderado,Salud/Movilidad,0,Híbrido
28,ligero,Fuerza/Hipertrofia,0,Fuerza/Joven
55,sedentario,Fuerza/Hipertrofia,0,Fuerza/Joven
80,ligero,Resistencia/Deporte,1,Adulto Mayor
29,ligero,Resistencia/Deporte,0,Híbrido
28,moderado,Rehabilitación,1,Rehabilitación
35,sedentario,Rehabilitación,1,Rehabilitación
57,ligero,Resistencia/Deporte,0,Híbrido
69,sedentario,Salud/Movilidad,0,Adulto Mayor
75,sedentario,Salud/Movilidad,1,Adulto Mayor
67,sedentario,Salud/Movilidad,0,Adulto Mayor
73,sedentario,Salud/Movilidad,0,Adulto Mayor
71,ligero,Salud/Movilidad,1,Adulto Mayor
79,ligero,Salud/Movilidad,0,Híbrido
29,intenso,Fuerza/Hipertrofia,0,Fuerza/Joven
44,ligero,Fuerza/Hipertrofia,0,Fuerza/Joven
72,sedentario,Rehabilitación,1,Rehabilitación
36,sedentario,Resistencia/Deporte,0,Híbrido
45,ligero,Salud/Movilidad,0,Híbrido
38,sedentario,Salud/Movilidad,0,Híbrido
46,ligero,Fuerza/Hipertrofia,0,Fuerza/Joven
73,intenso,Rehabilitación,1,Rehabilitación
68,sedentario,Salud/Movilidad,0,Adulto Mayor
77,sedentario,Salud/Movilidad,0,Adulto Mayor
34,intenso,Fuerza/Hipertrofia,0,Fuerza/Joven
84,sedentario,Salud/Movilidad,1,Adulto Mayor
40,sedentario,Fuerza/Hipertrofia,0,Fuerza/Joven
63,moderado,Salud/Movilidad,1,Rehabilitación
47,ligero,Fuerza/Hipertrofia,0,Fuerza/Joven
42,intenso,Fuerza/Hipertrofia,0,Fuerza/Joven
70,sedentario,Salud/Movilidad,0,Adulto Mayor
49,sedentario,Resistencia/Deporte,0,Híbrido
78,moderado,Salud/Movilidad,1,Adulto Mayor
67,ligero,Salud/Movilidad,1,Adulto Mayor
21,intenso,Fuerza/Hipertrofia,0,Fuerza/Joven
80,sedentario,Salud/Movilidad,1,Adulto Mayor
61,moderado,Rehabilitación,1,Rehabilitación
21,moderado,Rehabilitación,1,Rehabilitación
65,intenso,Salud/Movilidad,0,Híbrido
29,ligero,Salud/Movilidad,0,Híbrido
18,moderado,Rehabilitación,0,Híbrido
21,sedentario,Rehabilitación,0,Híbrido
45,ligero,Fuerza/Hipertrofia,0,Fuerza/Joven
66,ligero,Rehabilitación,1,Rehabilitación
57,intenso,Fuerza/Hipertrofia,0,Fuerza/Joven
25,sedentario,Resistencia/Deporte,0,Híbrido
80,sedentario,Rehabilitación,1,Rehabilitación
28,moderado,Resistencia/Deporte,0,Híbrido
32,intenso,Fuerza/Hipertrofia,0,Fuerza/Joven
61,ligero,Salud/Movilidad,1,Rehabilitación
71,sedentario,Salud/Movilidad,0,Adulto Mayor
28,ligero,Rehabilitación,0,Híbrido
48,sedentario,Fuerza/Hipertrofia,0,Fuerza/Joven
63,moderado,Salud/Movilidad,0,Híbrido
20,ligero,Fuerza/Hipertrofia,0,Fuerza/Joven
29,sedentario,Salud/Movilidad,0,Híbrido
85,ligero,Salud/Movilidad,1,Adulto Mayor
72,sedentario,Rehabilitación,1,Rehabilitación
32,ligero,Salud/Movilidad,0,Híbrido
39,moderado,Resistencia/Deporte,0,Híbrido
31,moderado,Resistencia/Deporte,1,Rehabilitación
56,moderado,Salud/Movilidad,1,Híbrido
63,sedentario,Salud/Movilidad,0,Híbrido
48,ligero,Fuerza/Hipertrofia,0,Fuerza/Joven
52,moderado,Resistencia/Deporte,0,Híbrido
69,sedentario,Rehabilitación,1,Rehabilitación
19,ligero,Resistencia/Deporte,0,Híbrido
59,sedentario,Fuerza/Hipertrofia,0,Fuerza/Joven
72,sedentario,Salud/Movilidad,0,Adulto Mayor
18,ligero,Salud/Movilidad,0,Híbrido
31,moderado,Salud/Movilidad,0,Híbrido
83,sedentario,Resistencia/Deporte,0,Adulto Mayor
31,intenso,Salud/Movilidad,0,Híbrido
59,ligero,Resistencia/Deporte,0,Híbrido
21,moderado,Fuerza/Hipertrofia,0,Fuerza/Joven
83,ligero,Salud/Movilidad,0,Híbrido
37,moderado,Resistencia/Deporte,0,Híbrido
82,sedentario,Salud/Movilidad,1,Adulto Mayor
59,ligero,Resistencia/Deporte,0,Híbrido
74,sedentario,Salud/Movilidad,0,Adulto Mayor
53,intenso,Salud/Movilidad,0,Híbrido
43,ligero,Fuerza/Hipertrofia,0,Fuerza/Joven
28,moderado,Fuerza/Hipertrofia,0,Fuerza/Joven
34,sedentario,Resistencia/Deporte,0,Híbrido
53,ligero,Rehabilitación,1,Rehabilitación
21,ligero,Fuerza/Hipertrofia,0,Fuerza/Joven
38,sedentario,Resistencia/Deporte,0,Híbrido
60,moderado,Resistencia/Deporte,0,Híbrido
75,moderado,Salud/Movilidad,0,Híbrido
55,ligero,Resistencia/Deporte,0,Híbrido
27,sedentario,Resistencia/Deporte,0,Híbrido
28,sedentario,Fuerza/Hipertrofia,0,Fuerza/Joven
38,moderado,Fuerza/Hipertrofia,0,Fuerza/Joven
20,sedentario,Fuerza/Hipertrofia,0,Fuerza/Joven
53,moderado,Rehabilitación,1,Rehabilitación
30,ligero,Resistencia/Deporte,0,Híbrido
81,ligero,Rehabilitación,1,Rehabilitación
61,ligero,Fuerza/Hipertrofia,0,Fuerza/Joven
42,ligero,Salud/Movilidad,0,Híbrido
25,ligero,Resistencia/Deporte,0,Híbrido
72,sedentario,Fuerza/Hipertrofia,1,Adulto Mayor
30,intenso,Fuerza/Hipertrofia,0,Fuerza/Joven
51,intenso,Fuerza/Hipertrofia,0,Fuerza/Joven
30,ligero,Salud/Movilidad,0,Híbrido
45,intenso,Resistencia/Deporte,0,Híbrido
61,moderado,Salud/Movilidad,1,Rehabilitación
57,ligero,Resistencia/Deporte,1,Rehabilitación
33,ligero,Fuerza/Hipertrofia,0,Fuerza/Joven
52,moderado,Salud/Movilidad,1,Rehabilitación
26,ligero,Fuerza/Hipertrofia,0,Fuerza/Joven
58,ligero,Rehabilitación,1,Rehabilitación
33,moderado,Fuerza/Hipertrofia,0,Fuerza/Joven
74,moderado,Rehabilitación,1,Rehabilitación
21,ligero,Rehabilitación,1,Rehabilitación
60,moderado,Salud/Movilidad,0,Híbrido
71,sedentario,Resistencia/Deporte,0,Adulto Mayor
81,ligero,Fuerza/Hipertrofia,0,Híbrido
40,moderado,Fuerza/Hipertrofia,0,Fuerza/Joven
52,ligero,Fuerza/Hipertrofia,0,Fuerza/Joven
40,intenso,Resistencia/Deporte,0,Híbrido
38,ligero,Fuerza/Hipertrofia,0,Fuerza/Joven
52,ligero,Salud/Movilidad,0,Híbrido
44,moderado,Fuerza/Hipertrofia,0,Fuerza/Joven
78,sedentario,Rehabilitación,1,Rehabilitación
58,sedentario,Resistencia/Deporte,0,Híbrido
78,ligero,Rehabilitación,1,Rehabilitación
55,moderado,Rehabilitación,1,Rehabilitación
31,moderado,Fuerza/Hipertrofia,0,Fuerza/Joven
24,intenso,Salud/Movilidad,0,Híbrido
60,sedentario,Rehabilitación,0,Híbrido
19,sedentario,Fuerza/Hipertrofia,0,Fuerza/Joven
36,sedentario,Salud/Movilidad,0,Híbrido
51,ligero,Salud/Movilidad,0,Híbrido
58,ligero,Rehabilitación,0,Híbrido
22,moderado,Fuerza/Hipertrofia,0,Fuerza/Joven
54,ligero,Resistencia/Deporte,0,Híbrido
69,sedentario,Salud/Movilidad,0,Adulto Mayor
42,ligero,Resistencia/Deporte,0,Híbrido
33,ligero,Salud/Movilidad,0,Híbrido
28,sedentario,Salud/Movilidad,0,Híbrido
74,sedentario,Salud/Movilidad,0,Adulto Mayor
64,moderado,Salud/Movilidad,0,Híbrido
39,sedentario,Resistencia/Deporte,0,Híbrido
36,moderado,Resistencia/Deporte,0,Híbrido
33,sedentario,Fuerza/Hipertrofia,0,Fuerza/Joven
41,sedentario,Resistencia/Deporte,0,Híbrido
73,moderado,Salud/Movilidad,0,Híbrido
22,intenso,Rehabilitación,1,Rehabilitación
30,sedentario,Fuerza/Hipertrofia,1,Híbrido
44,sedentario,Fuerza/Hipertrofia,0,Fuerza/Joven
32,moderado,Fuerza/Hipertrofia,0,Fuerza/Joven
31,sedentario,Fuerza/Hipertrofia,0,Fuerza/Joven
52,ligero,Resistencia/Deporte,0,Híbrido
81,sedentario,Salud/Movilidad,1,Adulto Mayor
65,sedentario,Fuerza/Hipertrofia,0,Adulto Mayor
76,sedentario,Rehabilitación,1,Rehabilitación
23,moderado,Fuerza/Hipertrofia,0,Fuerza/Joven
39,ligero,Fuerza/Hipertrofia,0,Fuerza/Joven
83,ligero,Rehabilitación,1,Rehabilitación
26,sedentario,Resistencia/Deporte,0,Híbrido
22,intenso,Rehabilitación,1,Rehabilitación
47,sedentario,Salud/Movilidad,0,Híbrido
33,moderado,Fuerza/Hipertrofia,0,Fuerza/Joven
55,ligero,Fuerza/Hipertrofia,0,Fuerza/Joven
78,sedentario,Rehabilitación,1,Rehabilitación
68,ligero,Salud/Movilidad,0,Híbrido
21,moderado,Fuerza/Hipertrofia,0,Fuerza/Joven
46,sedentario,Fuerza/Hipertrofia,0,Fuerza/Joven
46,sedentario,Fuerza/Hipertrofia,0,Fuerza/Joven
58,ligero,Fuerza/Hipertrofia,0,Fuerza/Joven
71,sedentario,Salud/Movilidad,0,Adulto Mayor
40,moderado,Fuerza/Hipertrofia,0,Fuerza/Joven
79,sedentario,Fuerza/Hipertrofia,0,Adulto Mayor
73,sedentario,Salud/Movilidad,0,Adulto Mayor
24,intenso,Rehabilitación,0,Híbrido
24,moderado,Fuerza/Hipertrofia,0,Fuerza/Joven
59,moderado,Resistencia/Deporte,0,Híbrido
49,intenso,Rehabilitación,0,Híbrido
82,ligero,Rehabilitación,1,Rehabilitación
42,moderado,Fuerza/Hipertrofia,0,Fuerza/Joven
47,sedentario,Salud/Movilidad,0,Híbrido
28,moderado,Resistencia/Deporte,0,Híbrido
36,intenso,Fuerza/Hipertrofia,0,Fuerza/Joven
70,sedentario,Rehabilitación,0,Adulto Mayor
59,sedentario,Fuerza/Hipertrofia,0,Fuerza/Joven
35,ligero,Salud/Movilidad,1,Rehabilitación
49,moderado,Resistencia/Deporte,0,Híbrido
24,sedentario,Fuerza/Hipertrofia,0,Fuerza/Joven
64,ligero,Salud/Movilidad,0,Híbrido
23,intenso,Salud/Movilidad,1,Rehabilitación
45,moderado,Salud/Movilidad,0,Híbrido
84,sedentario,Salud/Movilidad,1,Adulto Mayor
30,intenso,Fuerza/Hipertrofia,0,Fuerza/Joven
38,ligero,Resistencia/Deporte,0,Híbrido
23,sedentario,Fuerza/Hipertrofia,0,Fuerza/Joven
60,moderado,Rehabilitación,1,Rehabilitación
62,sedentario,Salud/Movilidad,0,Híbrido
43,moderado,Fuerza/Hipertrofia,0,Fuerza/Joven
66,sedentario,Rehabilitación,0,Adulto Mayor
72,sedentario,Salud/Movilidad,1,Adulto Mayor
31,ligero,Fuerza/Hipertrofia,0,Fuerza/Joven
61,moderado,Salud/Movilidad,1,Rehabilitación
82,ligero,Salud/Movilidad,0,Híbrido
45,intenso,Fuerza/Hipertrofia,0,Fuerza/Joven
39,intenso,Rehabilitación,1,Rehabilitación
83,sedentario,Rehabilitación,1,Rehabilitación
85,sedentario,Salud/Movilidad,1,Adulto Mayor
43,ligero,Fuerza/Hipertrofia,0,Fuerza/Joven
73,ligero,Salud/Movilidad,1,Adulto Mayor
78,sedentario,Rehabilitación,1,Rehabilitación
73,sedentario,Salud/Movilidad,0,Adulto Mayor
33,sedentario,Salud/Movilidad,0,Híbrido
37,ligero,Salud/Movilidad,0,Híbrido
45,sedentario,Salud/Movilidad,0,Híbrido
72,ligero,Salud/Movilidad,1,Adulto Mayor
49,ligero,Salud/Movilidad,0,Híbrido
42,ligero,Rehabilitación,1,Rehabilitación
18,sedentario,Rehabilitación,0,Híbrido
82,moderado,Salud/Movilidad,0,Híbrido
28,ligero,Salud/Movilidad,0,Híbrido
25,ligero,Resistencia/Deporte,0,Híbrido
71,ligero,Salud/Movilidad,0,Híbrido
57,moderado,Resistencia/Deporte,0,Híbrido
36,sedentario,Fuerza/Hipertrofia,0,Fuerza/Joven
74,moderado,Rehabilitación,1,Rehabilitación
52,moderado,Resistencia/Deporte,0,Híbrido
18,moderado,Fuerza/Hipertrofia,0,Fuerza/Joven
32,sedentario,Resistencia/Deporte,0,Híbrido
68,ligero,Salud/Movilidad,0,Híbrido
75,sedentario,Fuerza/Hipertrofia,1,Adulto Mayor
49,sedentario,Rehabilitación,0,Híbrido
39,moderado,Resistencia/Deporte,0,Híbrido
60,moderado,Salud/Movilidad,0,Híbrido
59,moderado,Rehabilitación,1,Rehabilitación
27,moderado,Resistencia/Deporte,0,Híbrido
32,ligero,Resistencia/Deporte,0,Híbrido
19,moderado,Fuerza/Hipertrofia,0,Fuerza/Joven
70,sedentario,Salud/Movilidad,1,Adulto Mayor
44,ligero,Fuerza/Hipertrofia,0,Fuerza/Joven
85,ligero,Rehabilitación,0,Híbrido
24,moderado,Fuerza/Hipertrofia,0,Fuerza/Joven
39,moderado,Salud/Movilidad,1,Híbrido
35,ligero,Fuerza/Hipertrofia,0,Fuerza/Joven
28,sedentario,Fuerza/Hipertrofia,0,Fuerza/Joven
82,moderado,Salud/Movilidad,1,Adulto Mayor
44,intenso,Rehabilitación,0,Híbrido
57,sedentario,Fuerza/Hipertrofia,0,Fuerza/Joven
37,ligero,Rehabilitación,1,Rehabilitación
82,sedentario,Rehabilitación,1,Rehabilitación
23,ligero,Fuerza/Hipertrofia,0,Fuerza/Joven
51,moderado,Rehabilitación,1,Rehabilitación
63,ligero,Salud/Movilidad,0,Híbrido
26,moderado,Fuerza/Hipertrofia,0,Fuerza/Joven
37,moderado,Rehabilitación,0,Híbrido
37,moderado,Rehabilitación,1,Rehabilitación
29,moderado,Rehabilitación,0,Híbrido
53,moderado,Fuerza/Hipertrofia,0,Fuerza/Joven
66,sedentario,Salud/Movilidad,0,Adulto Mayor
21,sedentario,Resistencia/Deporte,0,Híbrido
54,moderado,Resistencia/Deporte,0,Híbrido
55,sedentario,Rehabilitación,1,Rehabilitación
51,sedentario,Salud/Movilidad,0,Híbrido
40,sedentario,Salud/Movilidad,0,Híbrido
77,sedentario,Fuerza/Hipertrofia,1,Adulto Mayor
57,sedentario,Resistencia/Deporte,0,Híbrido
52,sedentario,Rehabilitación,1,Rehabilitación
58,ligero,Fuerza/Hipertrofia,0,Fuerza/Joven
53,sedentario,Resistencia/Deporte,0,Híbrido
54,moderado,Fuerza/Hipertrofia,0,Fuerza/Joven
20,sedentario,Fuerza/Hipertrofia,0,Fuerza/Joven
23,ligero,Salud/Movilidad,0,Híbrido
21,sedentario,Fuerza/Hipertrofia,0,Fuerza/Joven
33,ligero,Salud/Movilidad,0,Híbrido
23,moderado,Resistencia/Deporte,0,Híbrido
70,sedentario,Salud/Movilidad,0,Adulto Mayor
43,sedentario,Rehabilitación,1,Rehabilitación
71,sedentario,Fuerza/Hipertrofia,1,Adulto Mayor
25,intenso,Rehabilitación,0,Híbrido
40,ligero,Rehabilitación,1,Rehabilitación
19,ligero,Salud/Movilidad,0,Híbrido
64,ligero,Rehabilitación,1,Rehabilitación
30,sedentario,Rehabilitación,0,Híbrido
18,sedentario,Fuerza/Hipertrofia,0,Fuerza/Joven
50,ligero,Fuerza/Hipertrofia,0,Fuerza/Joven
25,sedentario,Resistencia/Deporte,0,Híbrido
85,ligero,Rehabilitación,1,Rehabilitación
29,sedentario,Salud/Movilidad,0,Híbrido
62,sedentario,Salud/Movilidad,0,Híbrido
81,sedentario,Salud/Movilidad,0,Adulto Mayor
75,sedentario,Resistencia/Deporte,1,Adulto Mayor
73,ligero,Salud/Movilidad,0,Híbrido
42,moderado,Fuerza/Hipertrofia,0,Fuerza/Joven
34,ligero,Rehabilitación,0,Híbrido
57,intenso,Salud/Movilidad,0,Híbrido
73,sedentario,Salud/Movilidad,1,Adulto Mayor
28,moderado,Fuerza/Hipertrofia,0,Fuerza/Joven
83,sedentario,Salud/Movilidad,1,Adulto Mayor
64,sedentario,Salud/Movilidad,0,Híbrido
26,moderado,Rehabilitación,1,Rehabilitación
60,intenso,Fuerza/Hipertrofia,0,Fuerza/Joven
82,sedentario,Salud/Movilidad,1,Adulto Mayor
76,sedentario,Salud/Movilidad,0,Adulto Mayor
58,moderado,Resistencia/Deporte,0,Híbrido
55,sedentario,Fuerza/Hipertrofia,0,Fuerza/Joven
74,sedentario,Rehabilitación,1,Rehabilitación
36,ligero,Fuerza/Hipertrofia,0,Fuerza/Joven
57,moderado,Salud/Movilidad,1,Híbrido
19,moderado,Resistencia/Deporte,0,Híbrido
20,moderado,Fuerza/Hipertrofia,0,Fuerza/Joven
57,sedentario,Resistencia/Deporte,0,Híbrido
49,moderado,Rehabilitación,0,Híbrido
30,ligero,Fuerza/Hipertrofia,0,Fuerza/Joven
77,intenso,Rehabilitación,1,Rehabilitación
72,sedentario,Salud/Movilidad,1,Adulto Mayor
26,ligero,Salud/Movilidad,0,Híbrido
48,moderado,Fuerza/Hipertrofia,0,Fuerza/Joven
60,sedentario,Salud/Movilidad,0,Híbrido
37,intenso,Salud/Movilidad,0,Híbrido
65,moderado,Salud/Movilidad,0,Híbrido
63,ligero,Salud/Movilidad,0,Híbrido
46,ligero,Resistencia/Deporte,0,Híbrido
37,ligero,Fuerza/Hipertrofia,0,Fuerza/Joven
82,sedentario,Salud/Movilidad,0,Adulto Mayor
48,moderado,Fuerza/Hipertrofia,0,Fuerza/Joven
34,ligero,Fuerza/Hipertrofia,0,Fuerza/Joven
56,ligero,Fuerza/Hipertrofia,0,Fuerza/Joven
66,sedentario,Rehabilitación,1,Rehabilitación
55,ligero,Salud/Movilidad,0,Híbrido
55,intenso,Salud/Movilidad,0,Híbrido
84,sedentario,Rehabilitación,1,Rehabilitación
30,ligero,Fuerza/Hipertrofia,0,Fuerza/Joven
74,sedentario,Salud/Movilidad,0,Adulto Mayor
46,sedentario,Fuerza/Hipertrofia,0,Fuerza/Joven
58,sedentario,Salud/Movilidad,1,Rehabilitación
28,sedentario,Fuerza/Hipertrofia,0,Fuerza/Joven
24,sedentario,Resistencia/Deporte,0,Híbrido
80,sedentario,Salud/Movilidad,1,Adulto Mayor
77,moderado,Salud/Movilidad,0,Híbrido
20,moderado,Fuerza/Hipertrofia,0,Fuerza/Joven
79,sedentario,Rehabilitación,1,Rehabilitación
82,sedentario,Salud/Movilidad,1,Adulto Mayor
19,ligero,Rehabilitación,1,Rehabilitación
46,sedentario,Resistencia/Deporte,0,Híbrido
52,ligero,Fuerza/Hipertrofia,0,Fuerza/Joven
67,moderado,Salud/Movilidad,0,Híbrido
29,intenso,Resistencia/Deporte,0,Híbrido
83,sedentario,Rehabilitación,1,Rehabilitación
43,intenso,Fuerza/Hipertrofia,0,Fuerza/Joven
18,ligero,Fuerza/Hipertrofia,0,Fuerza/Joven
22,moderado,Fuerza/Hipertrofia,0,Fuerza/Joven
60,sedentario,Fuerza/Hipertrofia,0,Fuerza/Joven
83,moderado,Salud/Movilidad,0,Híbrido
60,ligero,Fuerza/Hipertrofia,0,Fuerza/Joven
67,moderado,Resistencia/Deporte,1,Adulto Mayor
53,intenso,Salud/Movilidad,1,Híbrido
39,ligero,Fuerza/Hipertrofia,0,Fuerza/Joven
50,ligero,Fuerza/Hipertrofia,0,Fuerza/Joven
47,moderado,Salud/Movilidad,0,Híbrido
46,ligero,Resistencia/Deporte,0,Híbrido
75,sedentario,Salud/Movilidad,0,Adulto Mayor
76,sedentario,Rehabilitación,1,Rehabilitación
38,ligero,Resistencia/Deporte,0,Híbrido
42,ligero,Salud/Movilidad,0,Híbrido
27,ligero,Rehabilitación,0,Híbrido
68,sedentario,Salud/Movilidad,0,Adulto Mayor
51,moderado,Rehabilitación,1,Rehabilitación
26,sedentario,Fuerza/Hipertrofia,0,Fuerza/Joven
46,sedentario,Fuerza/Hipertrofia,0,Fuerza/Joven
36,sedentario,Fuerza/Hipertrofia,0,Fuerza/Joven
67,sedentario,Salud/Movilidad,0,Adulto Mayor
22,ligero,Fuerza/Hipertrofia,0,Fuerza/Joven
62,sedentario,Salud/Movilidad,0,Híbrido
51,moderado,Fuerza/Hipertrofia,0,Fuerza/Joven
71,moderado,Fuerza/Hipertrofia,0,Híbrido
37,moderado,Fuerza/Hipertrofia,0,Fuerza/Joven
36,ligero,Resistencia/Deporte,0,Híbrido
53,moderado,Fuerza/Hipertrofia,0,Fuerza/Joven
80,intenso,Salud/Movilidad,0,Híbrido
43,ligero,Fuerza/Hipertrofia,0,Fuerza/Joven
68,intenso,Salud/Movilidad,1,Adulto Mayor
25,intenso,Resistencia/Deporte,0,Híbrido
42,sedentario,Resistencia/Deporte,0,Híbrido
26,moderado,Fuerza/Hipertrofia,0,Fuerza/Joven
35,sedentario,Salud/Movilidad,0,Híbrido
46,ligero,Fuerza/Hipertrofia,0,Fuerza/Joven
21,intenso,Fuerza/Hipertrofia,0,Fuerza/Joven
32,sedentario,Rehabilitación,0,Híbrido
54,moderado,Salud/Movilidad,1,Rehabilitación
25,intenso,Salud/Movilidad,0,Híbrido
57,ligero,Resistencia/Deporte,0,Híbrido
60,ligero,Resistencia/Deporte,0,Híbrido
30,ligero,Salud/Movilidad,0,Híbrido
22,sedentario,Fuerza/Hipertrofia,0,Fuerza/Joven
83,sedentario,Rehabilitación,1,Rehabilitación
67,sedentario,Fuerza/Hipertrofia,1,Adulto Mayor
47,sedentario,Fuerza/Hipertrofia,0,Fuerza/Joven
51,sedentario,Salud/Movilidad,0,Híbrido
46,ligero,Fuerza/Hipertrofia,0,Fuerza/Joven
25,sedentario,Fuerza/Hipertrofia,0,Fuerza/Joven
24,moderado,Resistencia/Deporte,0,Híbrido
59,sedentario,Salud/Movilidad,0,Híbrido
75,sedentario,Rehabilitación,1,Rehabilitación
21,ligero,Rehabilitación,1,Rehabilitación
76,ligero,Salud/Movilidad,0,Híbrido
29,intenso,Salud/Movilidad,0,Híbrido
33,intenso,Fuerza/Hipertrofia,0,Fuerza/Joven
59,sedentario,Fuerza/Hipertrofia,0,Fuerza/Joven
57,intenso,Salud/Movilidad,1,Híbrido
71,sedentario,Salud/Movilidad,0,Adulto Mayor
85,intenso,Salud/Movilidad,0,Híbrido
30,moderado,Salud/Movilidad,0,Híbrido
37,sedentario,Rehabilitación,0,Híbrido
84,sedentario,Rehabilitación,1,Rehabilitación
74,ligero,Rehabilitación,1,Rehabilitación
54,intenso,Fuerza/Hipertrofia,0,Fuerza/Joven
74,sedentario,Salud/Movilidad,0,Adulto Mayor
46,moderado,Resistencia/Deporte,0,Híbrido
84,sedentario,Salud/Movilidad,0,Adulto Mayor
49,ligero,Fuerza/Hipertrofia,0,Fuerza/Joven
58,ligero,Rehabilitación,1,Rehabilitación
28,sedentario,Fuerza/Hipertrofia,0,Fuerza/Joven
76,sedentario,Resistencia/Deporte,1,Adulto Mayor
83,ligero,Salud/Movilidad,1,Adulto Mayor
59,sedentario,Fuerza/Hipertrofia,0,Fuerza/Joven
43,intenso,Fuerza/Hipertrofia,0,Fuerza/Joven
28,ligero,Fuerza/Hipertrofia,0,Fuerza/Joven
48,moderado,Resistencia/Deporte,0,Híbrido
34,ligero,Resistencia/Deporte,0,Híbrido
45,ligero,Fuerza/Hipertrofia,0,Fuerza/Joven
63,moderado,Salud/Movilidad,0,Híbrido
78,sedentario,Salud/Movilidad,0,Adulto Mayor
78,moderado,Rehabilitación,1,Rehabilitación
32,sedentario,Fuerza/Hipertrofia,0,Fuerza/Joven
79,sedentario,Rehabilitación,1,Rehabilitación
59,moderado,Rehabilitación,1,Rehabilitación
29,moderado,Resistencia/Deporte,0,Híbrido
32,moderado,Salud/Movilidad,1,Rehabilitación
47,ligero,Resistencia/Deporte,0,Híbrido
62,ligero,Salud/Movilidad,0,Híbrido
20,sedentario,Salud/Movilidad,0,Híbrido
26,sedentario,Resistencia/Deporte,0,Híbrido
78,ligero,Salud/Movilidad,0,Híbrido
70,ligero,Salud/Movilidad,0,Híbrido
55,moderado,Fuerza/Hipertrofia,0,Fuerza/Joven
71,moderado,Salud/Movilidad,0,Híbrido
38,ligero,Fuerza/Hipertrofia,0,Fuerza/Joven
19,ligero,Salud/Movilidad,0,Híbrido
82,sedentario,Salud/Movilidad,0,Adulto Mayor
75,sedentario,Salud/Movilidad,0,Adulto Mayor
84,moderado,Rehabilitación,1,Rehabilitación
38,moderado,Fuerza/Hipertrofia,0,Fuerza/Joven
78,sedentario,Rehabilitación,1,Rehabilitación
75,moderado,Rehabilitación,1,Rehabilitación
56,moderado,Fuerza/Hipertrofia,0,Fuerza/Joven
32,sedentario,Fuerza/Hipertrofia,0,Fuerza/Joven
73,sedentario,Salud/Movilidad,1,Adulto Mayor
59,sedentario,Rehabilitación,1,Rehabilitación
61,ligero,Rehabilitación,1,Rehabilitación
81,moderado,Rehabilitación,1,Rehabilitación
35,sedentario,Resistencia/Deporte,0,Híbrido
29,moderado,Salud/Movilidad,0,Híbrido
55,ligero,Salud/Movilidad,1,Rehabilitación
45,moderado,Resistencia/Deporte,0,Híbrido
71,ligero,Rehabilitación,1,Rehabilitación
66,sedentario,Salud/Movilidad,0,Adulto Mayor
82,moderado,Rehabilitación,1,Rehabilitación
51,moderado,Salud/Movilidad,0,Híbrido
52,intenso,Rehabilitación,1,Rehabilitación
49,moderado,Fuerza/Hipertrofia,0,Fuerza/Joven
50,moderado,Fuerza/Hipertrofia,0,Fuerza/Joven
47,intenso,Fuerza/Hipertrofia,0,Fuerza/Joven
54,ligero,Fuerza/Hipertrofia,0,Fuerza/Joven
55,sedentario,Rehabilitación,1,Rehabilitación
52,intenso,Salud/Movilidad,0,Híbrido
48,moderado,Fuerza/Hipertrofia,0,Fuerza/Joven
49,moderado,Fuerza/Hipertrofia,0,Fuerza/Joven
54,ligero,Rehabilitación,1,Rehabilitación
44,moderado,Fuerza/Hipertrofia,0,Fuerza/Joven
78,ligero,Fuerza/Hipertrofia,0,Híbrido
32,ligero,Resistencia/Deporte,0,Híbrido
67,sedentario,Salud/Movilidad,0,Adulto Mayor
63,sedentario,Salud/Movilidad,0,Híbrido
31,moderado,Fuerza/Hipertrofia,0,Fuerza/Joven
64,ligero,Salud/Movilidad,0,Híbrido
51,intenso,Rehabilitación,1,Rehabilitación
50,intenso,Resistencia/Deporte,0,Híbrido
73,sedentario,Salud/Movilidad,0,Adulto Mayor
19,sedentario,Salud/Movilidad,0,Híbrido
71,sedentario,Salud/Movilidad,0,Adulto Mayor
19,intenso,Resistencia/Deporte,0,Híbrido
26,ligero,Salud/Movilidad,0,Híbrido
37,moderado,Salud/Movilidad,0,Híbrido
35,ligero,Rehabilitación,1,Rehabilitación
22,intenso,Salud/Movilidad,0,Híbrido
56,ligero,Rehabilitación,1,Rehabilitación
68,sedentario,Resistencia/Deporte,1,Adulto Mayor
27,intenso,Fuerza/Hipertrofia,0,Fuerza/Joven
29,sedentario,Fuerza/Hipertrofia,0,Fuerza/Joven
77,ligero,Rehabilitación,0,Híbrido
61,ligero,Salud/Movilidad,0,Híbrido
47,sedentario,Fuerza/Hipertrofia,0,Fuerza/Joven
54,intenso,Resistencia/Deporte,0,Híbrido
40,ligero,Fuerza/Hipertrofia,0,Fuerza/Joven
34,sedentario,Fuerza/Hipertrofia,0,Fuerza/Joven
45,sedentario,Fuerza/Hipertrofia,0,Fuerza/Joven
61,sedentario,Rehabilitación,0,Híbrido
50,ligero,Resistencia/Deporte,0,Híbrido
51,sedentario,Rehabilitación,0,Híbrido
34,ligero,Fuerza/Hipertrofia,0,Fuerza/Joven
33,moderado,Fuerza/Hipertrofia,0,Fuerza/Joven
76,sedentario,Rehabilitación,1,Rehabilitación
49,ligero,Resistencia/Deporte,0,Híbrido
80,ligero,Salud/Movilidad,0,Híbrido
46,sedentario,Fuerza/Hipertrofia,0,Fuerza/Joven
77,ligero,Rehabilitación,0,Híbrido
85,sedentario,Rehabilitación,1,Rehabilitación
32,ligero,Fuerza/Hipertrofia,0,Fuerza/Joven
66,sedentario,Resistencia/Deporte,0,Adulto Mayor
45,ligero,Resistencia/Deporte,0,Híbrido
73,intenso,Resistencia/Deporte,1,Adulto Mayor
81,ligero,Salud/Movilidad,0,Híbrido
30,sedentario,Fuerza/Hipertrofia,0,Fuerza/Joven
49,ligero,Rehabilitación,1,Rehabilitación
49,moderado,Rehabilitación,0,Híbrido
63,ligero,Rehabilitación,1,Rehabilitación
62,moderado,Salud/Movilidad,1,Híbrido
85,sedentario,Salud/Movilidad,0,Adulto Mayor
83,sedentario,Rehabilitación,0,Adulto Mayor
31,sedentario,Fuerza/Hipertrofia,0,Fuerza/Joven
73,sedentario,Salud/Movilidad,0,Adulto Mayor
61,ligero,Salud/Movilidad,0,Híbrido
83,moderado,Rehabilitación,1,Rehabilitación
44,sedentario,Fuerza/Hipertrofia,0,Fuerza/Joven
28,ligero,Fuerza/Hipertrofia,0,Fuerza/Joven
74,ligero,Salud/Movilidad,0,Híbrido
81,sedentario,Rehabilitación,1,Rehabilitación
61,moderado,Rehabilitación,0,Híbrido
61,moderado,Rehabilitación,1,Rehabilitación
84,sedentario,Salud/Movilidad,0,Adulto Mayor
51,sedentario,Resistencia/Deporte,0,Híbrido
30,ligero,Fuerza/Hipertrofia,0,Fuerza/Joven
55,ligero,Fuerza/Hipertrofia,0,Fuerza/Joven
69,sedentario,Resistencia/Deporte,0,Adulto Mayor
49,moderado,Resistencia/Deporte,0,Híbrido
64,ligero,Rehabilitación,0,Híbrido
65,sedentario,Salud/Movilidad,0,Adulto Mayor
59,moderado,Rehabilitación,1,Rehabilitación
76,sedentario,Salud/Movilidad,0,Adulto Mayor
85,ligero,Rehabilitación,1,Rehabilitación
53,sedentario,Fuerza/Hipertrofia,0,Fuerza/Joven
59,moderado,Resistencia/Deporte,0,Híbrido
74,sedentario,Rehabilitación,1,Rehabilitación
57,sedentario,Rehabilitación,1,Rehabilitación
62,sedentario,Rehabilitación,1,Rehabilitación
26,sedentario,Resistencia/Deporte,0,Híbrido
40,intenso,Resistencia/Deporte,0,Híbrido
79,sedentario,Rehabilitación,1,Rehabilitación
56,ligero,Fuerza/Hipertrofia,0,Fuerza/Joven
75,sedentario,Salud/Movilidad,0,Adulto Mayor
50,ligero,Fuerza/Hipertrofia,0,Fuerza/Joven
19,ligero,Fuerza/Hipertrofia,0,Fuerza/Joven
48,ligero,Resistencia/Deporte,0,Híbrido
76,moderado,Fuerza/Hipertrofia,1,Adulto Mayor
63,moderado,Salud/Movilidad,0,Híbrido
69,sedentario,Salud/Movilidad,0,Adulto Mayor
42,ligero,Rehabilitación,1,Rehabilitación
75,intenso,Salud/Movilidad,0,Híbrido
41,sedentario,Rehabilitación,0,Híbrido
75,sedentario,Fuerza/Hipertrofia,1,Adulto Mayor
23,ligero,Fuerza/Hipertrofia,0,Fuerza/Joven
78,sedentario,Rehabilitación,1,Rehabilitación
50,moderado,Salud/Movilidad,1,Rehabilitación
48,sedentario,Fuerza/Hipertrofia,0,Fuerza/Joven
76,sedentario,Salud/Movilidad,0,Adulto Mayor
40,sedentario,Fuerza/Hipertrofia,0,Fuerza/Joven
19,sedentario,Fuerza/Hipertrofia,0,Fuerza/Joven
51,ligero,Fuerza/Hipertrofia,0,Fuerza/Joven
35,ligero,Resistencia/Deporte,0,Híbrido
82,sedentario,Salud/Movilidad,0,Adulto Mayor
50,moderado,Salud/Movilidad,0,Híbrido
82,ligero,Salud/Movilidad,1,Adulto Mayor
49,moderado,Resistencia/Deporte,0,Híbrido
18,ligero,Resistencia/Deporte,0,Híbrido
56,intenso,Rehabilitación,1,Rehabilitación
58,ligero,Salud/Movilidad,0,Híbrido
70,sedentario,Rehabilitación,1,Rehabilitación
71,intenso,Salud/Movilidad,0,Híbrido
24,intenso,Salud/Movilidad,0,Híbrido
68,sedentario,Salud/Movilidad,0,Adulto Mayor
84,sedentario,Salud/Movilidad,0,Adulto Mayor
34,ligero,Resistencia/Deporte,0,Híbrido
22,sedentario,Rehabilitación,0,Híbrido
21,moderado,Fuerza/Hipertrofia,0,Fuerza/Joven
50,ligero,Fuerza/Hipertrofia,0,Fuerza/Joven
45,moderado,Fuerza/Hipertrofia,0,Fuerza/Joven
25,sedentario,Fuerza/Hipertrofia,0,Fuerza/Joven
60,intenso,Fuerza/Hipertrofia,0,Fuerza/Joven
24,moderado,Rehabilitación,0,Híbrido
19,moderado,Salud/Movilidad,0,Híbrido
58,sedentario,Fuerza/Hipertrofia,0,Fuerza/Joven
77,sedentario,Salud/Movilidad,1,Adulto Mayor
20,ligero,Resistencia/Deporte,0,Híbrido
42,moderado,Salud/Movilidad,0,Híbrido
79,sedentario,Salud/Movilidad,0,Adulto Mayor
37,moderado,Salud/Movilidad,0,Híbrido
66,ligero,Rehabilitación,1,Rehabilitación
52,sedentario,Salud/Movilidad,0,Híbrido
85,sedentario,Rehabilitación,1,Rehabilitación
50,sedentario,Fuerza/Hipertrofia,0,Fuerza/Joven
76,sedentario,Salud/Movilidad,0,Adulto Mayor
75,ligero,Rehabilitación,1,Rehabilitación
50,moderado,Salud/Movilidad,1,Híbrido
45,moderado,Salud/Movilidad,1,Rehabilitación
23,moderado,Salud/Movilidad,1,Rehabilitación
37,sedentario,Fuerza/Hipertrofia,0,Fuerza/Joven
80,sedentario,Salud/Movilidad,0,Adulto Mayor
25,ligero,Fuerza/Hipertrofia,0,Fuerza/Joven
34,moderado,Fuerza/Hipertrofia,0,Fuerza/Joven
68,ligero,Rehabilitación,1,Rehabilitación
70,ligero,Salud/Movilidad,0,Híbrido
48,intenso,Fuerza/Hipertrofia,0,Fuerza/Joven
78,ligero,Salud/Movilidad,1,Adulto Mayor
70,sedentario,Rehabilitación,1,Rehabilitación
18,moderado,Fuerza/Hipertrofia,0,Fuerza/Joven
79,sedentario,Salud/Movilidad,0,Adulto Mayor
30,intenso,Rehabilitación,1,Rehabilitación
71,ligero,Salud/Movilidad,0,Híbrido
21,sedentario,Fuerza/Hipertrofia,0,Fuerza/Joven
57,sedentario,Resistencia/Deporte,1,Rehabilitación
49,moderado,Rehabilitación,0,Híbrido
53,intenso,Rehabilitación,1,Rehabilitación
24,moderado,Fuerza/Hipertrofia,0,Fuerza/Joven
58,ligero,Rehabilitación,0,Híbrido
44,moderado,Fuerza/Hipertrofia,0,Fuerza/Joven
44,ligero,Fuerza/Hipertrofia,0,Fuerza/Joven
52,ligero,Fuerza/Hipertrofia,0,Fuerza/Joven
21,ligero,Salud/Movilidad,0,Híbrido
27,sedentario,Fuerza/Hipertrofia,0,Fuerza/Joven
59,ligero,Rehabilitación,1,Rehabilitación
77,intenso,Rehabilitación,1,Rehabilitación
75,ligero,Salud/Movilidad,0,Híbrido
24,moderado,Resistencia/Deporte,0,Híbrido
72,ligero,Salud/Movilidad,0,Híbrido
63,ligero,Rehabilitación,1,Rehabilitación
72,ligero,Salud/Movilidad,0,Híbrido
82,sedentario,Salud/Movilidad,1,Adulto Mayor
69,sedentario,Salud/Movilidad,0,Adulto Mayor
69,intenso,Salud/Movilidad,0,Híbrido
54,ligero,Resistencia/Deporte,0,Híbrido
83,ligero,Salud/Movilidad,1,Adulto Mayor
46,sedentario,Fuerza/Hipertrofia,0,Fuerza/Joven
34,sedentario,Fuerza/Hipertrofia,0,Fuerza/Joven
54,intenso,Rehabilitación,1,Rehabilitación
34,moderado,Rehabilitación,0,Híbrido
34,moderado,Fuerza/Hipertrofia,0,Fuerza/Joven
41,sedentario,Fuerza/Hipertrofia,0,Fuerza/Joven
85,intenso,Rehabilitación,1,Rehabilitación
27,sedentario,Fuerza/Hipertrofia,0,Fuerza/Joven
38,moderado,Fuerza/Hipertrofia,0,Fuerza/Joven
44,moderado,Rehabilitación,1,Rehabilitación
39,moderado,Resistencia/Deporte,0,Híbrido
75,sedentario,Salud/Movilidad,0,Adulto Mayor
65,ligero,Resistencia/Deporte,0,Híbrido
75,sedentario,Rehabilitación,1,Rehabilitación
22,ligero,Salud/Movilidad,1,Rehabilitación
41,ligero,Salud/Movilidad,0,Híbrido
68,sedentario,Rehabilitación,1,Rehabilitación
52,ligero,Fuerza/Hipertrofia,0,Fuerza/Joven
44,sedentario,Fuerza/Hipertrofia,0,Fuerza/Joven
52,intenso,Fuerza/Hipertrofia,0,Fuerza/Joven
52,moderado,Resistencia/Deporte,0,Híbrido
56,sedentario,Resistencia/Deporte,0,Híbrido
46,moderado,Salud/Movilidad,0,Híbrido
59,moderado,Fuerza/Hipertrofia,0,Fuerza/Joven
83,intenso,Salud/Movilidad,0,Híbrido
58,moderado,Resistencia/Deporte,0,Híbrido
30,moderado,Fuerza/Hipertrofia,0,Fuerza/Joven
76,sedentario,Salud/Movilidad,1,Adulto Mayor
44,sedentario,Resistencia/Deporte,0,Híbrido
54,ligero,Salud/Movilidad,0,Híbrido
36,intenso,Rehabilitación,1,Rehabilitación
69,sedentario,Salud/Movilidad,0,Adulto Mayor
54,ligero,Fuerza/Hipertrofia,0,Fuerza/Joven
78,ligero,Salud/Movilidad,1,Adulto Mayor
24,ligero,Fuerza/Hipertrofia,0,Fuerza/Joven
34,intenso,Fuerza/Hipertrofia,0,Fuerza/Joven
54,moderado,Rehabilitación,1,Rehabilitación
38,ligero,Salud/Movilidad,0,Híbrido
60,ligero,Rehabilitación,1,Rehabilitación
37,sedentario,Fuerza/Hipertrofia,0,Fuerza/Joven
58,ligero,Fuerza/Hipertrofia,0,Fuerza/Joven
25,intenso,Resistencia/Deporte,0,Híbrido
36,intenso,Rehabilitación,1,Rehabilitación
67,sedentario,Rehabilitación,1,Rehabilitación
20,sedentario,Fuerza/Hipertrofia,0,Fuerza/Joven
73,ligero,Rehabilitación,1,Rehabilitación
44,ligero,Fuerza/Hipertrofia,0,Fuerza/Joven
20,moderado,Fuerza/Hipertrofia,0,Fuerza/Joven
48,moderado,Resistencia/Deporte,0,Híbrido
56,moderado,Fuerza/Hipertrofia,0,Fuerza/Joven
78,intenso,Rehabilitación,1,Rehabilitación
26,sedentario,Fuerza/Hipertrofia,0,Fuerza/Joven
58,moderado,Salud/Movilidad,1,Rehabilitación
25,intenso,Salud/Movilidad,0,Híbrido
85,sedentario,Rehabilitación,1,Rehabilitación
75,ligero,Salud/Movilidad,0,Híbrido
41,sedentario,Resistencia/Deporte,0,Híbrido
79,sedentario,Rehabilitación,1,Rehabilitación
20,moderado,Resistencia/Deporte,0,Híbrido
52,sedentario,Fuerza/Hipertrofia,0,Fuerza/Joven
55,sedentario,Resistencia/Deporte,0,Híbrido
81,moderado,Rehabilitación,1,Rehabilitación
33,intenso,Resistencia/Deporte,0,Híbrido
41,ligero,Resistencia/Deporte,0,Híbrido
56,sedentario,Rehabilitación,0,Híbrido
56,moderado,Rehabilitación,1,Rehabilitación
75,intenso,Rehabilitación,1,Rehabilitación
65,ligero,Salud/Movilidad,0,Híbrido
38,sedentario,Salud/Movilidad,1,Rehabilitación
33,ligero,Fuerza/Hipertrofia,0,Fuerza/Joven
65,ligero,Salud/Movilidad,0,Híbrido
65,ligero,Salud/Movilidad,0,Híbrido
25,moderado,Fuerza/Hipertrofia,0,Fuerza/Joven
51,sedentario,Rehabilitación,1,Rehabilitación
37,ligero,Resistencia/Deporte,0,Híbrido
33,sedentario,Fuerza/Hipertrofia,0,Fuerza/Joven
80,sedentario,Resistencia/Deporte,1,Adulto Mayor
57,moderado,Salud/Movilidad,0,Híbrido
27,moderado,Fuerza/Hipertrofia,0,Fuerza/Joven
65,moderado,Rehabilitación,1,Rehabilitación
81,sedentario,Fuerza/Hipertrofia,1,Adulto Mayor
82,sedentario,Salud/Movilidad,0,Adulto Mayor
32,ligero,Salud/Movilidad,0,Híbrido
62,ligero,Fuerza/Hipertrofia,0,Fuerza/Joven
29,ligero,Fuerza/Hipertrofia,0,Fuerza/Joven
37,moderado,Fuerza/Hipertrofia,0,Fuerza/Joven
72,sedentario,Salud/Movilidad,0,Adulto Mayor
84,sedentario,Salud/Movilidad,1,Adulto Mayor
30,sedentario,Fuerza/Hipertrofia,0,Fuerza/Joven
69,sedentario,Fuerza/Hipertrofia,0,Adulto Mayor
26,ligero,Fuerza/Hipertrofia,0,Fuerza/Joven
46,ligero,Fuerza/Hipertrofia,0,Fuerza/Joven
81,sedentario,Salud/Movilidad,0,Adulto Mayor
78,ligero,Salud/Movilidad,0,Híbrido
31,moderado,Resistencia/Deporte,0,Híbrido
55,ligero,Rehabilitación,1,Rehabilitación
51,moderado,Fuerza/Hipertrofia,0,Fuerza/Joven
59,sedentario,Resistencia/Deporte,0,Híbrido
75,sedentario,Rehabilitación,1,Rehabilitación
28,ligero,Salud/Movilidad,0,Híbrido
23,intenso,Salud/Movilidad,0,Híbrido
63,ligero,Salud/Movilidad,0,Híbrido
74,sedentario,Salud/Movilidad,1,Adulto Mayor
29,ligero,Rehabilitación,0,Híbrido
73,sedentario,Salud/Movilidad,0,Adulto Mayor
34,sedentario,Resistencia/Deporte,0,Híbrido
33,moderado,Rehabilitación,0,Híbrido
63,moderado,Rehabilitación,0,Híbrido
52,moderado,Resistencia/Deporte,1,Rehabilitación
27,moderado,Fuerza/Hipertrofia,0,Fuerza/Joven
34,ligero,Resistencia/Deporte,0,Híbrido
83,sedentario,Rehabilitación,1,Rehabilitación
75,sedentario,Rehabilitación,0,Adulto Mayor
46,ligero,Fuerza/Hipertrofia,0,Fuerza/Joven
54,ligero,Rehabilitación,1,Rehabilitación
46,ligero,Resistencia/Deporte,0,Híbrido
82,sedentario,Salud/Movilidad,0,Adulto Mayor
62,ligero,Salud/Movilidad,0,Híbrido
65,sedentario,Salud/Movilidad,0,Adulto Mayor
58,ligero,Resistencia/Deporte,0,Híbrido
76,ligero,Salud/Movilidad,0,Híbrido
42,moderado,Fuerza/Hipertrofia,0,Fuerza/Joven
79,sedentario,Rehabilitación,1,Rehabilitación
68,moderado,Rehabilitación,1,Rehabilitación
47,intenso,Salud/Movilidad,0,Híbrido
68,sedentario,Salud/Movilidad,0,Adulto Mayor
84,sedentario,Salud/Movilidad,0,Adulto Mayor
45,sedentario,Salud/Movilidad,0,Híbrido
50,moderado,Fuerza/Hipertrofia,0,Fuerza/Joven
39,moderado,Fuerza/Hipertrofia,0,Fuerza/Joven
53,sedentario,Resistencia/Deporte,0,Híbrido
30,moderado,Resistencia/Deporte,0,Híbrido
76,sedentario,Rehabilitación,1,Rehabilitación
81,sedentario,Rehabilitación,1,Rehabilitación
23,moderado,Fuerza/Hipertrofia,0,Fuerza/Joven
34,ligero,Resistencia/Deporte,0,Híbrido
70,sedentario,Salud/Movilidad,1,Adulto Mayor
37,sedentario,Fuerza/Hipertrofia,0,Fuerza/Joven
21,ligero,Rehabilitación,1,Rehabilitación
20,ligero,Resistencia/Deporte,0,Híbrido
44,moderado,Fuerza/Hipertrofia,0,Fuerza/Joven
31,ligero,Resistencia/Deporte,0,Híbrido
66,ligero,Salud/Movilidad,0,Híbrido
49,sedentario,Fuerza/Hipertrofia,0,Fuerza/Joven
38,ligero,Fuerza/Hipertrofia,0,Fuerza/Joven
70,ligero,Salud/Movilidad,1,Adulto Mayor
76,sedentario,Salud/Movilidad,1,Adulto Mayor
67,sedentario,Salud/Movilidad,0,Adulto Mayor
65,intenso,Salud/Movilidad,0,Híbrido
80,sedentario,Salud/Movilidad,0,Adulto Mayor
44,ligero,Fuerza/Hipertrofia,0,Fuerza/Joven
43,sedentario,Fuerza/Hipertrofia,0,Fuerza/Joven
38,ligero,Salud/Movilidad,0,Híbrido
31,moderado,Resistencia/Deporte,0,Híbrido
68,ligero,Rehabilitación,1,Rehabilitación
65,sedentario,Rehabilitación,1,Rehabilitación
19,ligero,Resistencia/Deporte,0,Híbrido
82,intenso,Rehabilitación,1,Rehabilitación
42,sedentario,Salud/Movilidad,0,Híbrido
41,moderado,Fuerza/Hipertrofia,0,Fuerza/Joven
79,sedentario,Rehabilitación,1,Rehabilitación
70,ligero,Salud/Movilidad,0,Híbrido
47,moderado,Fuerza/Hipertrofia,0,Fuerza/Joven
47,ligero,Salud/Movilidad,0,Híbrido
80,moderado,Salud/Movilidad,1,Adulto Mayor
58,sedentario,Resistencia/Deporte,0,Híbrido
57,sedentario,Rehabilitación,1,Rehabilitación
69,ligero,Salud/Movilidad,0,Híbrido
55,sedentario,Rehabilitación,1,Rehabilitación
47,ligero,Fuerza/Hipertrofia,0,Fuerza/Joven
46,sedentario,Resistencia/Deporte,0,Híbrido
63,sedentario,Rehabilitación,1,Rehabilitación
35,moderado,Fuerza/Hipertrofia,0,Fuerza/Joven
46,sedentario,Resistencia/Deporte,0,Híbrido
19,moderado,Rehabilitación,0,Híbrido
78,sedentario,Salud/Movilidad,1,Adulto Mayor
34,moderado,Fuerza/Hipertrofia,0,Fuerza/Joven
47,sedentario,Resistencia/Deporte,0,Híbrido
68,moderado,Salud/Movilidad,0,Híbrido
82,ligero,Salud/Movilidad,0,Híbrido
55,moderado,Fuerza/Hipertrofia,0,Fuerza/Joven
31,ligero,Salud/Movilidad,1,Rehabilitación
44,sedentario,Salud/Movilidad,1,Híbrido
48,sedentario,Fuerza/Hipertrofia,0,Fuerza/Joven
30,moderado,Salud/Movilidad,0,Híbrido
34,moderado,Fuerza/Hipertrofia,0,Fuerza/Joven
30,ligero,Resistencia/Deporte,0,Híbrido
55,ligero,Rehabilitación,1,Rehabilitación
81,moderado,Salud/Movilidad,1,Adulto Mayor
80,sedentario,Salud/Movilidad,1,Adulto Mayor
25,moderado,Salud/Movilidad,1,Híbrido
23,sedentario,Rehabilitación,1,Rehabilitación
68,sedentario,Rehabilitación,1,Rehabilitación
78,moderado,Salud/Movilidad,0,Híbrido
73,sedentario,Rehabilitación,0,Adulto Mayor
19,intenso,Fuerza/Hipertrofia,0,Fuerza/Joven
43,intenso,Salud/Movilidad,0,Híbrido
20,moderado,Fuerza/Hipertrofia,0,Fuerza/Joven
22,sedentario,Fuerza/Hipertrofia,0,Fuerza/Joven
67,moderado,Salud/Movilidad,0,Híbrido
40,sedentario,Fuerza/Hipertrofia,0,Fuerza/Joven
48,ligero,Resistencia/Deporte,0,Híbrido
72,sedentario,Rehabilitación,1,Rehabilitación
19,moderado,Resistencia/Deporte,0,Híbrido
30,moderado,Resistencia/Deporte,0,Híbrido
32,ligero,Salud/Movilidad,0,Híbrido
50,ligero,Salud/Movilidad,0,Híbrido
18,moderado,Fuerza/Hipertrofia,0,Fuerza/Joven
22,moderado,Resistencia/Deporte,0,Híbrido
33,moderado,Resistencia/Deporte,0,Híbrido
48,sedentario,Fuerza/Hipertrofia,0,Fuerza/Joven
61,sedentario,Salud/Movilidad,0,Híbrido
60,sedentario,Salud/Movilidad,0,Híbrido
68,sedentario,Salud/Movilidad,0,Adulto Mayor
39,sedentario,Salud/Movilidad,1,Híbrido
23,moderado,Fuerza/Hipertrofia,0,Fuerza/Joven
85,ligero,Salud/Movilidad,0,Híbrido
30,moderado,Fuerza/Hipertrofia,0,Fuerza/Joven
72,sedentario,Salud/Movilidad,0,Adulto Mayor
51,moderado,Rehabilitación,1,Rehabilitación
59,moderado,Fuerza/Hipertrofia,0,Fuerza/Joven
44,moderado,Rehabilitación,1,Rehabilitación
40,ligero,Resistencia/Deporte,0,Híbrido
82,intenso,Salud/Movilidad,0,Híbrido
55,sedentario,Rehabilitación,1,Rehabilitación
46,moderado,Fuerza/Hipertrofia,0,Fuerza/Joven
73,sedentario,Salud/Movilidad,0,Adulto Mayor
81,sedentario,Salud/Movilidad,1,Adulto Mayor
62,moderado,Salud/Movilidad,0,Híbrido
22,moderado,Fuerza/Hipertrofia,0,Fuerza/Joven
49,ligero,Rehabilitación,1,Rehabilitación
83,sedentario,Salud/Movilidad,0,Adulto Mayor
62,sedentario,Salud/Movilidad,0,Híbrido
29,ligero,Salud/Movilidad,0,Híbrido
81,sedentario,Salud/Movilidad,1,Adulto Mayor
61,ligero,Salud/Movilidad,0,Híbrido
76,sedentario,Salud/Movilidad,1,Adulto Mayor
43,sedentario,Rehabilitación,0,Híbrido
27,ligero,Fuerza/Hipertrofia,0,Fuerza/Joven
62,ligero,Salud/Movilidad,0,Híbrido
82,sedentario,Salud/Movilidad,0,Adulto Mayor
58,ligero,Fuerza/Hipertrofia,0,Fuerza/Joven
23,ligero,Fuerza/Hipertrofia,0,Fuerza/Joven
45,ligero,Resistencia/Deporte,0,Híbrido
47,sedentario,Fuerza/Hipertrofia,0,Fuerza/Joven
25,sedentario,Fuerza/Hipertrofia,0,Fuerza/Joven
46,intenso,Salud/Movilidad,0,Híbrido
53,ligero,Fuerza/Hipertrofia,0,Fuerza/Joven
54,ligero,Fuerza/Hipertrofia,0,Fuerza/Joven
83,intenso,Salud/Movilidad,1,Adulto Mayor
75,sedentario,Salud/Movilidad,0,Adulto Mayor
28,sedentario,Rehabilitación,1,Rehabilitación
29,intenso,Fuerza/Hipertrofia,0,Fuerza/Joven
54,ligero,Fuerza/Hipertrofia,0,Fuerza/Joven
30,moderado,Salud/Movilidad,0,Híbrido
36,sedentario,Fuerza/Hipertrofia,0,Fuerza/Joven
57,moderado,Salud/Movilidad,1,Híbrido
52,ligero,Salud/Movilidad,1,Híbrido
85,sedentario,Salud/Movilidad,0,Adulto Mayor
38,ligero,Resistencia/Deporte,0,Híbrido
26,intenso,Resistencia/Deporte,0,Híbrido
42,sedentario,Resistencia/Deporte,0,Híbrido
54,moderado,Fuerza/Hipertrofia,0,Fuerza/Joven
61,intenso,Salud/Movilidad,0,Híbrido
22,sedentario,Resistencia/Deporte,0,Híbrido
76,ligero,Rehabilitación,0,Híbrido
66,sedentario,Salud/Movilidad,1,Adulto Mayor
63,moderado,Salud/Movilidad,0,Híbrido
25,moderado,Fuerza/Hipertrofia,0,Fuerza/Joven
77,intenso,Salud/Movilidad,1,Adulto Mayor
23,intenso,Rehabilitación,0,Híbrido
61,sedentario,Rehabilitación,0,Híbrido
68,ligero,Salud/Movilidad,0,Híbrido
26,sedentario,Fuerza/Hipertrofia,0,Fuerza/Joven
63,sedentario,Rehabilitación,1,Rehabilitación
56,sedentario,Fuerza/Hipertrofia,0,Fuerza/Joven
47,sedentario,Salud/Movilidad,0,Híbrido
57,ligero,Fuerza/Hipertrofia,0,Fuerza/Joven
56,ligero,Rehabilitación,1,Rehabilitación
45,sedentario,Resistencia/Deporte,0,Híbrido
50,moderado,Salud/Movilidad,0,Híbrido
52,intenso,Salud/Movilidad,0,Híbrido
49,sedentario,Rehabilitación,0,Híbrido
49,sedentario,Rehabilitación,1,Rehabilitación
26,sedentario,Rehabilitación,0,Híbrido
61,ligero,Rehabilitación,1,Rehabilitación
20,ligero,Resistencia/Deporte,0,Híbrido
23,moderado,Fuerza/Hipertrofia,0,Fuerza/Joven
66,moderado,Rehabilitación,1,Rehabilitación
60,ligero,Fuerza/Hipertrofia,0,Fuerza/Joven
64,sedentario,Salud/Movilidad,0,Híbrido
74,moderado,Salud/Movilidad,1,Adulto Mayor
46,ligero,Fuerza/Hipertrofia,0,Fuerza/Joven
20,ligero,Fuerza/Hipertrofia,0,Fuerza/Joven
67,sedentario,Salud/Movilidad,0,Adulto Mayor
33,moderado,Salud/Movilidad,0,Híbrido
31,ligero,Salud/Movilidad,0,Híbrido
72,sedentario,Salud/Movilidad,0,Adulto Mayor
85,ligero,Salud/Movilidad,0,Híbrido
61,ligero,Salud/Movilidad,1,Híbrido
57,ligero,Resistencia/Deporte,0,Híbrido
35,intenso,Fuerza/Hipertrofia,0,Fuerza/Joven
75,sedentario,Resistencia/Deporte,0,Adulto Mayor
27,ligero,Fuerza/Hipertrofia,0,Fuerza/Joven
57,sedentario,Fuerza/Hipertrofia,0,Fuerza/Joven
50,sedentario,Resistencia/Deporte,0,Híbrido
22,intenso,Fuerza/Hipertrofia,0,Fuerza/Joven
30,sedentario,Fuerza/Hipertrofia,0,Fuerza/Joven
80,sedentario,Resistencia/Deporte,1,Adulto Mayor
20,sedentario,Salud/Movilidad,0,Híbrido
59,moderado,Fuerza/Hipertrofia,0,Fuerza/Joven
20,sedentario,Rehabilitación,0,Híbrido
43,moderado,Fuerza/Hipertrofia,0,Fuerza/Joven
47,moderado,Salud/Movilidad,0,Híbrido
24,moderado,Salud/Movilidad,0,Híbrido
45,moderado,Rehabilitación,1,Rehabilitación
64,ligero,Rehabilitación,1,Rehabilitación
84,sedentario,Salud/Movilidad,0,Adulto Mayor
36,ligero,Salud/Movilidad,0,Híbrido
39,moderado,Fuerza/Hipertrofia,0,Fuerza/Joven
45,intenso,Fuerza/Hipertrofia,0,Fuerza/Joven
19,sedentario,Salud/Movilidad,1,Rehabilitación
69,sedentario,Salud/Movilidad,0,Adulto Mayor
43,moderado,Resistencia/Deporte,0,Híbrido
58,ligero,Rehabilitación,1,Rehabilitación
74,sedentario,Salud/Movilidad,0,Adulto Mayor
56,moderado,Fuerza/Hipertrofia,0,Fuerza/Joven
43,ligero,Fuerza/Hipertrofia,0,Fuerza/Joven
26,sedentario,Fuerza/Hipertrofia,0,Fuerza/Joven
85,ligero,Rehabilitación,1,Rehabilitación
77,ligero,Resistencia/Deporte,1,Adulto Mayor
84,sedentario,Salud/Movilidad,0,Adulto Mayor
18,sedentario,Resistencia/Deporte,0,Híbrido
58,ligero,Rehabilitación,1,Rehabilitación
58,moderado,Fuerza/Hipertrofia,0,Fuerza/Joven
22,intenso,Fuerza/Hipertrofia,0,Fuerza/Joven
30,ligero,Fuerza/Hipertrofia,0,Fuerza/Joven
42,intenso,Resistencia/Deporte,0,Híbrido
57,moderado,Fuerza/Hipertrofia,0,Fuerza/Joven
77,sedentario,Salud/Movilidad,1,Adulto Mayor
22,moderado,Salud/Movilidad,0,Híbrido
27,intenso,Fuerza/Hipertrofia,0,Fuerza/Joven
59,ligero,Rehabilitación,0,Híbrido
35,sedentario,Rehabilitación,0,Híbrido
70,moderado,Salud/Movilidad,0,Híbrido
41,sedentario,Salud/Movilidad,1,Rehabilitación
23,moderado,Salud/Movilidad,0,Híbrido
79,ligero,Salud/Movilidad,1,Adulto Mayor
40,sedentario,Fuerza/Hipertrofia,0,Fuerza/Joven
77,ligero,Rehabilitación,0,Híbrido
48,sedentario,Salud/Movilidad,0,Híbrido
62,sedentario,Salud/Movilidad,0,Híbrido
70,sedentario,Salud/Movilidad,1,Adulto Mayor
67,sedentario,Salud/Movilidad,0,Adulto Mayor
74,sedentario,Rehabilitación,1,Rehabilitación
23,moderado,Rehabilitación,1,Rehabilitación
49,moderado,Salud/Movilidad,1,Rehabilitación
77,sedentario,Fuerza/Hipertrofia,1,Adulto Mayor
51,ligero,Resistencia/Deporte,0,Híbrido
76,sedentario,Resistencia/Deporte,1,Adulto Mayor
83,sedentario,Rehabilitación,1,Rehabilitación
40,ligero,Resistencia/Deporte,0,Híbrido
77,sedentario,Salud/Movilidad,1,Adulto Mayor
18,moderado,Salud/Movilidad,1,Híbrido
45,intenso,Fuerza/Hipertrofia,0,Fuerza/Joven
60,moderado,Resistencia/Deporte,0,Híbrido
33,ligero,Resistencia/Deporte,0,Híbrido
56,sedentario,Fuerza/Hipertrofia,0,Fuerza/Joven
52,sedentario,Resistencia/Deporte,0,Híbrido
69,ligero,Salud/Movilidad,0,Híbrido
67,sedentario,Rehabilitación,1,Rehabilitación
23,sedentario,Resistencia/Deporte,0,Híbrido
40,sedentario,Fuerza/Hipertrofia,0,Fuerza/Joven
84,ligero,Resistencia/Deporte,0,Híbrido
55,moderado,Salud/Movilidad,0,Híbrido
41,moderado,Fuerza/Hipertrofia,0,Fuerza/Joven
24,moderado,Salud/Movilidad,0,Híbrido
44,intenso,Fuerza/Hipertrofia,0,Fuerza/Joven
26,sedentario,Resistencia/Deporte,0,Híbrido
27,sedentario,Fuerza/Hipertrofia,0,Fuerza/Joven
82,sedentario,Salud/Movilidad,0,Adulto Mayor
81,sedentario,Rehabilitación,1,Rehabilitación
26,ligero,Fuerza/Hipertrofia,0,Fuerza/Joven
20,moderado,Resistencia/Deporte,0,Híbrido
67,ligero,Resistencia/Deporte,0,Híbrido
42,ligero,Salud/Movilidad,1,Rehabilitación
50,sedentario,Fuerza/Hipertrofia,0,Fuerza/Joven
78,sedentario,Salud/Movilidad,0,Adulto Mayor
23,ligero,Fuerza/Hipertrofia,0,Fuerza/Joven
35,sedentario,Resistencia/Deporte,0,Híbrido
41,ligero,Fuerza/Hipertrofia,0,Fuerza/Joven
44,intenso,Salud/Movilidad,1,Rehabilitación
70,ligero,Salud/Movilidad,0,Híbrido
47,ligero,Resistencia/Deporte,0,Híbrido
79,intenso,Salud/Movilidad,0,Híbrido
26,ligero,Fuerza/Hipertrofia,0,Fuerza/Joven
61,ligero,Salud/Movilidad,0,Híbrido
52,ligero,Fuerza/Hipertrofia,0,Fuerza/Joven
82,intenso,Resistencia/Deporte,1,Adulto Mayor
26,moderado,Fuerza/Hipertrofia,0,Fuerza/Joven
69,sedentario,Rehabilitación,0,Adulto Mayor
39,moderado,Fuerza/Hipertrofia,0,Fuerza/Joven
68,sedentario,Salud/Movilidad,0,Adulto Mayor
59,moderado,Resistencia/Deporte,0,Híbrido
79,intenso,Salud/Movilidad,0,Híbrido
75,sedentario,Resistencia/Deporte,1,Adulto Mayor
49,moderado,Resistencia/Deporte,0,Híbrido
19,sedentario,Fuerza/Hipertrofia,0,Fuerza/Joven
81,sedentario,Salud/Movilidad,1,Adulto Mayor
46,moderado,Salud/Movilidad,0,Híbrido
80,sedentario,Salud/Movilidad,0,Adulto Mayor
77,sedentario,Rehabilitación,1,Rehabilitación
61,moderado,Salud/Movilidad,0,Híbrido
20,sedentario,Resistencia/Deporte,0,Híbrido
58,sedentario,Fuerza/Hipertrofia,0,Fuerza/Joven
53,moderado,Rehabilitación,1,Rehabilitación
19,sedentario,Fuerza/Hipertrofia,1,Rehabilitación
85,sedentario,Rehabilitación,1,Rehabilitación
48,moderado,Fuerza/Hipertrofia,0,Fuerza/Joven
59,ligero,Rehabilitación,1,Rehabilitación
62,intenso,Rehabilitación,1,Rehabilitación
51,intenso,Rehabilitación,1,Rehabilitación
26,ligero,Salud/Movilidad,0,Híbrido
78,sedentario,Salud/Movilidad,0,Adulto Mayor
46,intenso,Resistencia/Deporte,0,Híbrido
71,sedentario,Rehabilitación,1,Rehabilitación
84,ligero,Rehabilitación,1,Rehabilitación
24,moderado,Fuerza/Hipertrofia,0,Fuerza/Joven
55,sedentario,Rehabilitación,1,Rehabilitación
32,sedentario,Fuerza/Hipertrofia,0,Fuerza/Joven
66,sedentario,Rehabilitación,0,Adulto Mayor
71,ligero,Salud/Movilidad,0,Híbrido
79,sedentario,Fuerza/Hipertrofia,1,Adulto Mayor
45,moderado,Fuerza/Hipertrofia,0,Fuerza/Joven
79,sedentario,Salud/Movilidad,1,Adulto Mayor
32,sedentario,Fuerza/Hipertrofia,0,Fuerza/Joven
38,sedentario,Fuerza/Hipertrofia,0,Fuerza/Joven
46,moderado,Salud/Movilidad,0,Híbrido
49,ligero,Fuerza/Hipertrofia,0,Fuerza/Joven
27,ligero,Fuerza/Hipertrofia,0,Fuerza/Joven
32,moderado,Rehabilitación,1,Rehabilitación
65,moderado,Salud/Movilidad,0,Híbrido
20,moderado,Fuerza/Hipertrofia,0,Fuerza/Joven
40,sedentario,Resistencia/Deporte,0,Híbrido
19,sedentario,Salud/Movilidad,0,Híbrido
55,ligero,Fuerza/Hipertrofia,0,Fuerza/Joven
59,moderado,Fuerza/Hipertrofia,0,Fuerza/Joven
54,sedentario,Fuerza/Hipertrofia,0,Fuerza/Joven
66,moderado,Rehabilitación,1,Rehabilitación
68,sedentario,Salud/Movilidad,0,Adulto Mayor
46,sedentario,Rehabilitación,0,Híbrido
51,ligero,Rehabilitación,1,Rehabilitación
65,sedentario,Rehabilitación,1,Rehabilitación
58,moderado,Fuerza/Hipertrofia,0,Fuerza/Joven
60,moderado,Rehabilitación,1,Rehabilitación
33,moderado,Fuerza/Hipertrofia,0,Fuerza/Joven
57,moderado,Salud/Movilidad,0,Híbrido
32,ligero,Fuerza/Hipertrofia,0,Fuerza/Joven
85,sedentario,Rehabilitación,1,Rehabilitación
47,ligero,Resistencia/Deporte,0,Híbrido
65,moderado,Resistencia/Deporte,0,Híbrido
80,moderado,Rehabilitación,1,Rehabilitación
80,intenso,Salud/Movilidad,0,Híbrido
21,moderado,Fuerza/Hipertrofia,0,Fuerza/Joven
69,ligero,Salud/Movilidad,0,Híbrido
32,ligero,Resistencia/Deporte,0,Híbrido
62,intenso,Rehabilitación,1,Rehabilitación
26,ligero,Resistencia/Deporte,0,Híbrido
68,moderado,Rehabilitación,1,Rehabilitación
28,ligero,Fuerza/Hipertrofia,0,Fuerza/Joven
75,sedentario,Salud/Movilidad,1,Adulto Mayor
82,sedentario,Salud/Movilidad,0,Adulto Mayor
18,ligero,Fuerza/Hipertrofia,0,Fuerza/Joven
25,sedentario,Fuerza/Hipertrofia,0,Fuerza/Joven
21,sedentario,Salud/Movilidad,0,Híbrido
46,intenso,Fuerza/Hipertrofia,0,Fuerza/Joven
59,sedentario,Salud/Movilidad,0,Híbrido
28,intenso,Salud/Movilidad,1,Rehabilitación
73,sedentario,Salud/Movilidad,0,Adulto Mayor
38,ligero,Fuerza/Hipertrofia,0,Fuerza/Joven
35,intenso,Rehabilitación,1,Rehabilitación
72,sedentario,Rehabilitación,1,Rehabilitación
61,sedentario,Fuerza/Hipertrofia,0,Fuerza/Joven
81,intenso,Salud/Movilidad,0,Híbrido
48,moderado,Fuerza/Hipertrofia,0,Fuerza/Joven
22,sedentario,Fuerza/Hipertrofia,0,Fuerza/Joven
38,sedentario,Rehabilitación,1,Rehabilitación
81,sedentario,Fuerza/Hipertrofia,1,Adulto Mayor
42,sedentario,Fuerza/Hipertrofia,0,Fuerza/Joven
73,ligero,Salud/Movilidad,0,Híbrido
61,ligero,Salud/Movilidad,0,Híbrido
72,moderado,Rehabilitación,1,Rehabilitación
57,ligero,Resistencia/Deporte,1,Híbrido
78,sedentario,Salud/Movilidad,1,Adulto Mayor
57,ligero,Rehabilitación,1,Rehabilitación
75,moderado,Rehabilitación,1,Rehabilitación
72,sedentario,Salud/Movilidad,0,Adulto Mayor
73,sedentario,Rehabilitación,1,Rehabilitación
47,intenso,Fuerza/Hipertrofia,0,Fuerza/Joven
70,intenso,Fuerza/Hipertrofia,0,Híbrido
52,sedentario,Rehabilitación,1,Rehabilitación
44,intenso,Fuerza/Hipertrofia,0,Fuerza/Joven
76,intenso,Rehabilitación,1,Rehabilitación
38,moderado,Resistencia/Deporte,0,Híbrido
70,sedentario,Fuerza/Hipertrofia,1,Adulto Mayor
58,intenso,Rehabilitación,1,Rehabilitación
57,moderado,Resistencia/Deporte,0,Híbrido
82,sedentario,Salud/Movilidad,0,Adulto Mayor
32,sedentario,Fuerza/Hipertrofia,0,Fuerza/Joven
72,ligero,Salud/Movilidad,1,Adulto Mayor
41,moderado,Salud/Movilidad,0,Híbrido
41,sedentario,Fuerza/Hipertrofia,0,Fuerza/Joven
69,sedentario,Rehabilitación,1,Rehabilitación
63,moderado,Salud/Movilidad,0,Híbrido
33,sedentario,Salud/Movilidad,0,Híbrido
54,ligero,Fuerza/Hipertrofia,1,Rehabilitación
59,sedentario,Salud/Movilidad,0,Híbrido
53,moderado,Rehabilitación,1,Rehabilitación
23,intenso,Salud/Movilidad,1,Rehabilitación
19,ligero,Rehabilitación,1,Rehabilitación
21,sedentario,Resistencia/Deporte,0,Híbrido
27,intenso,Resistencia/Deporte,0,Híbrido
54,intenso,Rehabilitación,1,Rehabilitación
19,sedentario,Resistencia/Deporte,0,Híbrido
25,intenso,Resistencia/Deporte,0,Híbrido
35,ligero,Fuerza/Hipertrofia,0,Fuerza/Joven
37,moderado,Fuerza/Hipertrofia,0,Fuerza/Joven
43,sedentario,Salud/Movilidad,0,Híbrido
60,moderado,Resistencia/Deporte,0,Híbrido
19,intenso,Salud/Movilidad,0,Híbrido
35,moderado,Resistencia/Deporte,0,Híbrido
74,sedentario,Salud/Movilidad,0,Adulto Mayor
63,moderado,Salud/Movilidad,0,Híbrido
84,ligero,Salud/Movilidad,1,Adulto Mayor
52,intenso,Fuerza/Hipertrofia,0,Fuerza/Joven
63,moderado,Salud/Movilidad,0,Híbrido
40,intenso,Rehabilitación,1,Rehabilitación
42,ligero,Fuerza/Hipertrofia,0,Fuerza/Joven
66,sedentario,Salud/Movilidad,0,Adulto Mayor
50,ligero,Fuerza/Hipertrofia,0,Fuerza/Joven
41,moderado,Salud/Movilidad,1,Híbrido
83,moderado,Rehabilitación,1,Rehabilitación
63,sedentario,Salud/Movilidad,0,Híbrido
77,sedentario,Rehabilitación,1,Rehabilitación
49,moderado,Fuerza/Hipertrofia,0,Fuerza/Joven
33,sedentario,Fuerza/Hipertrofia,0,Fuerza/Joven
44,ligero,Fuerza/Hipertrofia,0,Fuerza/Joven
60,sedentario,Fuerza/Hipertrofia,0,Fuerza/Joven
56,ligero,Salud/Movilidad,0,Híbrido
55,ligero,Rehabilitación,0,Híbrido
19,moderado,Fuerza/Hipertrofia,0,Fuerza/Joven
62,moderado,Salud/Movilidad,0,Híbrido
85,sedentario,Rehabilitación,1,Rehabilitación
59,intenso,Rehabilitación,1,Rehabilitación
34,moderado,Fuerza/Hipertrofia,0,Fuerza/Joven
22,moderado,Fuerza/Hipertrofia,0,Fuerza/Joven
48,intenso,Fuerza/Hipertrofia,0,Fuerza/Joven
26,ligero,Salud/Movilidad,1,Rehabilitación
24,moderado,Fuerza/Hipertrofia,0,Fuerza/Joven
63,ligero,Rehabilitación,0,Híbrido
23,sedentario,Rehabilitación,0,Híbrido
81,sedentario,Salud/Movilidad,0,Adulto Mayor
44,intenso,Salud/Movilidad,0,Híbrido
79,sedentario,Salud/Movilidad,1,Adulto Mayor
60,intenso,Resistencia/Deporte,0,Híbrido
83,intenso,Salud/Movilidad,0,Híbrido
24,sedentario,Salud/Movilidad,0,Híbrido
63,ligero,Fuerza/Hipertrofia,0,Fuerza/Joven
40,ligero,Rehabilitación,1,Rehabilitación
59,ligero,Resistencia/Deporte,0,Híbrido
80,sedentario,Rehabilitación,1,Rehabilitación
38,intenso,Fuerza/Hipertrofia,0,Fuerza/Joven
63,sedentario,Salud/Movilidad,0,Híbrido
75,sedentario,Salud/Movilidad,0,Adulto Mayor
50,moderado,Resistencia/Deporte,0,Híbrido
47,ligero,Fuerza/Hipertrofia,0,Fuerza/Joven
48,ligero,Rehabilitación,1,Rehabilitación
34,moderado,Resistencia/Deporte,0,Híbrido
75,ligero,Rehabilitación,1,Rehabilitación
68,sedentario,Rehabilitación,1,Rehabilitación
71,ligero,Rehabilitación,1,Rehabilitación
48,moderado,Rehabilitación,1,Rehabilitación
84,sedentario,Rehabilitación,1,Rehabilitación
35,intenso,Resistencia/Deporte,0,Híbrido
78,moderado,Rehabilitación,1,Rehabilitación
20,sedentario,Fuerza/Hipertrofia,0,Fuerza/Joven
81,moderado,Rehabilitación,1,Rehabilitación
64,ligero,Fuerza/Hipertrofia,0,Fuerza/Joven
66,ligero,Salud/Movilidad,0,Híbrido
42,ligero,Fuerza/Hipertrofia,0,Fuerza/Joven
46,intenso,Resistencia/Deporte,0,Híbrido
67,sedentario,Rehabilitación,1,Rehabilitación
38,sedentario,Fuerza/Hipertrofia,0,Fuerza/Joven
76,sedentario,Salud/Movilidad,1,Adulto Mayor
21,ligero,Resistencia/Deporte,0,Híbrido
54,ligero,Fuerza/Hipertrofia,0,Fuerza/Joven
77,sedentario,Salud/Movilidad,0,Adulto Mayor
51,sedentario,Salud/Movilidad,1,Rehabilitación
65,ligero,Salud/Movilidad,0,Híbrido
38,moderado,Resistencia/Deporte,0,Híbrido
18,sedentario,Fuerza/Hipertrofia,0,Fuerza/Joven
82,sedentario,Salud/Movilidad,0,Adulto Mayor
75,sedentario,Fuerza/Hipertrofia,1,Adulto Mayor
26,moderado,Resistencia/Deporte,0,Híbrido
31,sedentario,Fuerza/Hipertrofia,0,Fuerza/Joven
54,ligero,Resistencia/Deporte,0,Híbrido
30,moderado,Fuerza/Hipertrofia,0,Fuerza/Joven
28,moderado,Resistencia/Deporte,0,Híbrido
57,sedentario,Salud/Movilidad,0,Híbrido
73,sedentario,Salud/Movilidad,1,Adulto Mayor
72,intenso,Salud/Movilidad,0,Híbrido
22,moderado,Fuerza/Hipertrofia,0,Fuerza/Joven
68,sedentario,Salud/Movilidad,0,Adulto Mayor
46,ligero,Fuerza/Hipertrofia,0,Fuerza/Joven
60,sedentario,Fuerza/Hipertrofia,0,Fuerza/Joven
24,sedentario,Fuerza/Hipertrofia,0,Fuerza/Joven
80,sedentario,Rehabilitación,1,Rehabilitación
60,sedentario,Fuerza/Hipertrofia,0,Fuerza/Joven
27,moderado,Fuerza/Hipertrofia,0,Fuerza/Joven
73,intenso,Rehabilitación,0,Híbrido
42,intenso,Salud/Movilidad,1,Híbrido
84,sedentario,Salud/Movilidad,1,Adulto Mayor
31,sedentario,Fuerza/Hipertrofia,0,Fuerza/Joven
62,sedentario,Resistencia/Deporte,0,Híbrido
64,sedentario,Salud/Movilidad,1,Rehabilitación
65,ligero,Salud/Movilidad,0,Híbrido
25,ligero,Fuerza/Hipertrofia,0,Fuerza/Joven
24,moderado,Fuerza/Hipertrofia,0,Fuerza/Joven
46,ligero,Rehabilitación,1,Rehabilitación
57,moderado,Fuerza/Hipertrofia,1,Rehabilitación
59,moderado,Fuerza/Hipertrofia,0,Fuerza/Joven
85,sedentario,Salud/Movilidad,0,Adulto Mayor
21,ligero,Resistencia/Deporte,0,Híbrido
40,moderado,Resistencia/Deporte,0,Híbrido
57,sedentario,Fuerza/Hipertrofia,0,Fuerza/Joven
58,intenso,Resistencia/Deporte,0,Híbrido
35,sedentario,Salud/Movilidad,0,Híbrido
24,intenso,Resistencia/Deporte,0,Híbrido
32,ligero,Resistencia/Deporte,0,Híbrido
38,moderado,Fuerza/Hipertrofia,0,Fuerza/Joven
30,sedentario,Salud/Movilidad,0,Híbrido
69,ligero,Salud/Movilidad,0,Híbrido
73,sedentario,Salud/Movilidad,0,Adulto Mayor
24,sedentario,Salud/Movilidad,0,Híbrido
66,sedentario,Salud/Movilidad,0,Adulto Mayor
76,sedentario,Salud/Movilidad,0,Adulto Mayor
34,moderado,Resistencia/Deporte,0,Híbrido
44,sedentario,Resistencia/Deporte,0,Híbrido
51,intenso,Resistencia/Deporte,0,Híbrido
72,ligero,Salud/Movilidad,0,Híbrido
37,sedentario,Fuerza/Hipertrofia,0,Fuerza/Joven
79,ligero,Salud/Movilidad,1,Adulto Mayor
84,sedentario,Salud/Movilidad,1,Adulto Mayor
38,ligero,Fuerza/Hipertrofia,0,Fuerza/Joven
25,ligero,Fuerza/Hipertrofia,0,Fuerza/Joven
44,intenso,Fuerza/Hipertrofia,0,Fuerza/Joven
47,ligero,Resistencia/Deporte,0,Híbrido
20,intenso,Resistencia/Deporte,0,Híbrido
19,moderado,Fuerza/Hipertrofia,0,Fuerza/Joven
60,sedentario,Fuerza/Hipertrofia,0,Fuerza/Joven
30,moderado,Fuerza/Hipertrofia,0,Fuerza/Joven
29,sedentario,Fuerza/Hipertrofia,0,Fuerza/Joven
21,sedentario,Resistencia/Deporte,0,Híbrido
36,ligero,Resistencia/Deporte,0,Híbrido
75,sedentario,Salud/Movilidad,1,Adulto Mayor
75,intenso,Salud/Movilidad,0,Híbrido
27,moderado,Fuerza/Hipertrofia,0,Fuerza/Joven
57,moderado,Fuerza/Hipertrofia,0,Fuerza/Joven
51,moderado,Resistencia/Deporte,0,Híbrido
45,sedentario,Salud/Movilidad,0,Híbrido
70,intenso,Rehabilitación,1,Rehabilitación
20,ligero,Fuerza/Hipertrofia,0,Fuerza/Joven
73,ligero,Rehabilitación,1,Rehabilitación
41,sedentario,Resistencia/Deporte,0,Híbrido
75,sedentario,Rehabilitación,1,Rehabilitación
61,ligero,Salud/Movilidad,1,Híbrido
37,sedentario,Fuerza/Hipertrofia,0,Fuerza/Joven
63,moderado,Salud/Movilidad,0,Híbrido
43,ligero,Fuerza/Hipertrofia,0,Fuerza/Joven
20,sedentario,Fuerza/Hipertrofia,0,Fuerza/Joven
33,moderado,Rehabilitación,0,Híbrido
84,sedentario,Salud/Movilidad,1,Adulto Mayor
23,ligero,Rehabilitación,1,Rehabilitación
54,intenso,Rehabilitación,1,Rehabilitación
58,intenso,Fuerza/Hipertrofia,0,Fuerza/Joven
83,sedentario,Rehabilitación,1,Rehabilitación
50,moderado,Resistencia/Deporte,0,Híbrido
33,ligero,Fuerza/Hipertrofia,0,Fuerza/Joven
45,ligero,Rehabilitación,1,Rehabilitación
62,moderado,Salud/Movilidad,0,Híbrido
63,moderado,Salud/Movilidad,0,Híbrido
50,sedentario,Fuerza/Hipertrofia,0,Fuerza/Joven
50,ligero,Salud/Movilidad,0,Híbrido
27,sedentario,Resistencia/Deporte,0,Híbrido
36,ligero,Fuerza/Hipertrofia,0,Fuerza/Joven
45,intenso,Fuerza/Hipertrofia,0,Fuerza/Joven
39,sedentario,Fuerza/Hipertrofia,0,Fuerza/Joven
44,moderado,Fuerza/Hipertrofia,0,Fuerza/Joven
46,ligero,Resistencia/Deporte,0,Híbrido
64,sedentario,Salud/Movilidad,0,Híbrido
60,ligero,Fuerza/Hipertrofia,0,Fuerza/Joven
55,sedentario,Fuerza/Hipertrofia,0,Fuerza/Joven
58,moderado,Fuerza/Hipertrofia,0,Fuerza/Joven
50,ligero,Resistencia/Deporte,0,Híbrido
20,intenso,Salud/Movilidad,0,Híbrido
18,ligero,Resistencia/Deporte,0,Híbrido
77,ligero,Rehabilitación,0,Híbrido
63,moderado,Salud/Movilidad,0,Híbrido
55,moderado,Fuerza/Hipertrofia,0,Fuerza/Joven
32,moderado,Resistencia/Deporte,0,Híbrido
72,ligero,Salud/Movilidad,0,Híbrido
43,moderado,Resistencia/Deporte,0,Híbrido
21,sedentario,Salud/Movilidad,0,Híbrido
53,intenso,Fuerza/Hipertrofia,0,Fuerza/Joven
35,ligero,Fuerza/Hipertrofia,0,Fuerza/Joven
80,sedentario,Rehabilitación,1,Rehabilitación
81,moderado,Salud/Movilidad,1,Adulto Mayor
47,moderado,Fuerza/Hipertrofia,0,Fuerza/Joven
36,moderado,Salud/Movilidad,1,Rehabilitación
24,moderado,Fuerza/Hipertrofia,0,Fuerza/Joven
45,moderado,Fuerza/Hipertrofia,0,Fuerza/Joven
29,ligero,Salud/Movilidad,0,Híbrido
73,sedentario,Rehabilitación,1,Rehabilitación
65,sedentario,Salud/Movilidad,0,Adulto Mayor
26,ligero,Fuerza/Hipertrofia,0,Fuerza/Joven
66,intenso,Salud/Movilidad,0,Híbrido
25,sedentario,Salud/Movilidad,0,Híbrido
37,ligero,Salud/Movilidad,0,Híbrido
47,ligero,Fuerza/Hipertrofia,0,Fuerza/Joven
44,sedentario,Fuerza/Hipertrofia,0,Fuerza/Joven
25,moderado,Fuerza/Hipertrofia,0,Fuerza/Joven
70,sedentario,Rehabilitación,1,Rehabilitación
70,moderado,Rehabilitación,0,Híbrido
44,sedentario,Rehabilitación,0,Híbrido
57,ligero,Fuerza/Hipertrofia,0,Fuerza/Joven
47,ligero,Resistencia/Deporte,0,Híbrido
56,moderado,Rehabilitación,1,Rehabilitación
71,sedentario,Salud/Movilidad,0,Adulto Mayor
49,moderado,Fuerza/Hipertrofia,0,Fuerza/Joven
71,sedentario,Salud/Movilidad,0,Adulto Mayor
18,moderado,Rehabilitación,0,Híbrido
25,moderado,Rehabilitación,0,Híbrido
29,ligero,Fuerza/Hipertrofia,0,Fuerza/Joven
41,ligero,Salud/Movilidad,0,Híbrido
68,sedentario,Salud/Movilidad,1,Adulto Mayor
54,moderado,Rehabilitación,1,Rehabilitación
20,sedentario,Fuerza/Hipertrofia,0,Fuerza/Joven
22,moderado,Fuerza/Hipertrofia,0,Fuerza/Joven
44,moderado,Salud/Movilidad,0,Híbrido
24,moderado,Salud/Movilidad,0,Híbrido
46,ligero,Fuerza/Hipertrofia,0,Fuerza/Joven
33,moderado,Fuerza/Hipertrofia,0,Fuerza/Joven
69,sedentario,Salud/Movilidad,0,Adulto Mayor
32,ligero,Resistencia/Deporte,0,Híbrido
73,sedentario,Salud/Movilidad,0,Adulto Mayor
21,moderado,Fuerza/Hipertrofia,0,Fuerza/Joven
43,moderado,Fuerza/Hipertrofia,0,Fuerza/Joven
70,ligero,Salud/Movilidad,1,Adulto Mayor
46,moderado,Resistencia/Deporte,0,Híbrido
23,sedentario,Fuerza/Hipertrofia,0,Fuerza/Joven
31,sedentario,Resistencia/Deporte,0,Híbrido
62,sedentario,Salud/Movilidad,1,Rehabilitación
68,sedentario,Salud/Movilidad,0,Adulto Mayor
27,moderado,Resistencia/Deporte,0,Híbrido
68,sedentario,Rehabilitación,1,Rehabilitación
74,sedentario,Salud/Movilidad,0,Adulto Mayor
28,ligero,Rehabilitación,0,Híbrido
54,sedentario,Resistencia/Deporte,0,Híbrido
24,ligero,Salud/Movilidad,0,Híbrido
38,ligero,Fuerza/Hipertrofia,0,Fuerza/Joven
70,sedentario,Resistencia/Deporte,0,Adulto Mayor
38,moderado,Rehabilitación,1,Rehabilitación
73,sedentario,Rehabilitación,1,Rehabilitación
41,moderado,Fuerza/Hipertrofia,0,Fuerza/Joven
85,ligero,Rehabilitación,1,Rehabilitación
53,ligero,Rehabilitación,0,Híbrido
79,sedentario,Salud/Movilidad,0,Adulto Mayor
24,sedentario,Fuerza/Hipertrofia,0,Fuerza/Joven
24,ligero,Salud/Movilidad,0,Híbrido
83,intenso,Salud/Movilidad,0,Híbrido
34,sedentario,Fuerza/Hipertrofia,0,Fuerza/Joven
52,sedentario,Salud/Movilidad,1,Rehabilitación
33,intenso,Rehabilitación,1,Rehabilitación
46,moderado,Fuerza/Hipertrofia,0,Fuerza/Joven
35,moderado,Fuerza/Hipertrofia,0,Fuerza/Joven
52,moderado,Resistencia/Deporte,0,Híbrido
58,moderado,Fuerza/Hipertrofia,0,Fuerza/Joven
27,ligero,Rehabilitación,1,Rehabilitación
42,moderado,Resistencia/Deporte,0,Híbrido
36,moderado,Fuerza/Hipertrofia,0,Fuerza/Joven
31,moderado,Rehabilitación,1,Rehabilitación
74,sedentario,Salud/Movilidad,1,Adulto Mayor
69,ligero,Salud/Movilidad,0,Híbrido
80,ligero,Salud/Movilidad,0,Híbrido
52,moderado,Resistencia/Deporte,0,Híbrido
39,sedentario,Rehabilitación,0,Híbrido
51,ligero,Fuerza/Hipertrofia,0,Fuerza/Joven
71,intenso,Salud/Movilidad,1,Adulto Mayor
32,ligero,Fuerza/Hipertrofia,0,Fuerza/Joven
54,moderado,Rehabilitación,1,Rehabilitación
82,sedentario,Rehabilitación,1,Rehabilitación
75,sedentario,Rehabilitación,1,Rehabilitación
53,ligero,Rehabilitación,1,Rehabilitación
20,sedentario,Fuerza/Hipertrofia,0,Fuerza/Joven
35,intenso,Fuerza/Hipertrofia,0,Fuerza/Joven
82,sedentario,Salud/Movilidad,0,Adulto Mayor
75,ligero,Salud/Movilidad,0,Híbrido
70,sedentario,Salud/Movilidad,0,Adulto Mayor
72,intenso,Salud/Movilidad,1,Adulto Mayor
55,sedentario,Salud/Movilidad,0,Híbrido
53,sedentario,Rehabilitación,1,Rehabilitación
31,sedentario,Fuerza/Hipertrofia,0,Fuerza/Joven
57,moderado,Fuerza/Hipertrofia,0,Fuerza/Joven
39,moderado,Fuerza/Hipertrofia,0,Fuerza/Joven
70,moderado,Rehabilitación,1,Rehabilitación
70,sedentario,Salud/Movilidad,0,Adulto Mayor
43,sedentario,Salud/Movilidad,0,Híbrido
53,moderado,Fuerza/Hipertrofia,0,Fuerza/Joven
81,ligero,Rehabilitación,1,Rehabilitación
33,moderado,Fuerza/Hipertrofia,0,Fuerza/Joven
26,sedentario,Fuerza/Hipertrofia,0,Fuerza/Joven
22,intenso,Fuerza/Hipertrofia,0,Fuerza/Joven
26,moderado,Resistencia/Deporte,0,Híbrido
82,ligero,Salud/Movilidad,1,Adulto Mayor
82,sedentario,Salud/Movilidad,0,Adulto Mayor
76,ligero,Salud/Movilidad,0,Híbrido
28,intenso,Resistencia/Deporte,0,Híbrido
41,moderado,Fuerza/Hipertrofia,0,Fuerza/Joven
50,moderado,Resistencia/Deporte,0,Híbrido
50,moderado,Resistencia/Deporte,0,Híbrido
24,sedentario,Fuerza/Hipertrofia,0,Fuerza/Joven
25,moderado,Salud/Movilidad,0,Híbrido
29,moderado,Resistencia/Deporte,0,Híbrido
81,ligero,Fuerza/Hipertrofia,1,Adulto Mayor
83,sedentario,Rehabilitación,1,Rehabilitación
51,intenso,Fuerza/Hipertrofia,0,Fuerza/Joven
